0.85719883
0.8605033
0.36896467
0.02429521
0.62713385
0.40834028
0.24119103
0.80427104
0.2730388
0.33961046
0.47741455
0.8342056
0.96050584
0.34892523
0.6897218
0.84465325
0.15301508
0.18080515
0.1954934
0.4745018
0.86394715
0.50395304
0.62015516
0.14396328
0.96420276
0.6643539
0.03817779
0.47072166
0.013427436
0.170044
0.36389047
0.5521432
0.44133085
0.95144933
0.08966702
0.60899
0.569323
0.24681628
0.31114733
0.46897632
0.17481929
0.38732547
0.30960488
0.17446506
0.94488937
0.634001
0.078214765
0.59343827
0.016848385
0.45963508
0.8952868
0.4655388
0.7759603
0.5129006
0.9426148
0.44753557
0.48029542
0.766003
0.6356741
0.76021343
0.056259036
0.67713773
0.6348346
0.25974548
0.39228833
0.3182996
0.8190133
0.64252114
0.6302466
0.37940025
0.9668821
0.97774047
0.6822892
0.39106262
0.6630849
0.4845507
0.49422157
0.8688952
0.45077157
0.02090162
0.33403522
0.9076284
0.42558372
0.9235879
0.6464246
0.90848285
0.0141480565
0.8801961
0.21132892
0.04991615
0.32185715
0.37407362
0.5481894
0.08096981
0.15560919
0.8263119
0.6795823
0.37644088
0.12820727
0.97052884
0.6107222
0.6207971
0.3988878
0.7965169
0.68818533
0.23801547
0.88118666
0.8502893
0.5058791
0.84036845
0.7029058
0.9965258
0.253182
0.69173276
0.3967954
0.35384047
0.5143521
0.9595203
0.56381595
0.87573236
0.085401654
0.43120348
0.42821407
0.54573643
0.5709605
0.2921437
0.9054966
0.9124813
0.44610786
0.47465658
0.15668249
0.44053316
0.14428729
0.29572654
0.49656683
0.08062762
0.18038934
0.48239398
0.36736172
0.45586103
0.59668505
0.94759035
0.5548417
0.95944893
0.27793503
0.6112212
0.10049337
0.90870786
0.21071875
0.27585697
0.40424836
0.19604868
0.24149454
0.75586164
0.78789586
0.82117724
0.6393992
0.6436847
0.5345748
0.4327066
0.0052446723
0.8759921
0.8858146
0.90843445
0.14010125
0.5620736
0.1810258
0.8712048
0.13844216
0.8624225
0.79737043
0.38424557
0.5858496
0.3895477
0.58841074
0.36197686
0.59415936
0.057073176
0.4413246
0.13846225
0.9126941
0.26627702
0.45389122
0.27799827
0.31856376
0.108787715
0.16860843
0.91599894
0.35818577
0.025713563
0.65256643
0.4616573
0.6231145
0.32065165
0.85403985
0.35829467
0.5735028
0.62857074
0.24177587
0.2174136
0.34021515
0.024369717
0.8978767
0.15594834
0.4505669
0.87198436
0.91285294
0.66387606
0.4322741
0.8033871
0.5603331
0.10515863
0.29552722
0.7409519
0.5131602
0.7559968
0.90479034
0.5788244
0.5219113
0.56079906
0.801279
0.7896525
0.9965936
0.94140315
0.58599424
0.6709262
0.81337947
0.63540024
0.124224246
0.36701077
0.17733967
0.7244564
0.5787378
0.95360893
0.2914492
0.50600886
0.2542684
0.33387226
0.9595255
0.37744862
0.96474373
0.13082391
0.6496876
0.3598382
0.7820889
0.15841931
0.29450053
0.6604172
0.64698553
0.98083645
0.5489218
0.83481896
0.11399782
0.9219612
0.97783977
0.68937963
0.052885413
0.13815278
0.8273709
0.29260588
0.16226202
0.81899124
0.53976387
0.027358115
0.78918105
0.6127105
0.90796876
0.89929
0.547532
0.19341326
0.9055174
0.66338724
0.23872596
0.78208166
0.45881587
0.28301316
0.39007014
0.0170933
0.20635277
0.7917656
0.5201525
0.034818172
0.0824253
0.48787332
0.83775824
0.9874047
0.10711688
0.20713389
0.19324023
0.59170467
0.31040454
0.049960017
0.58140314
0.09719032
0.28303885
0.6905329
0.58599734
0.28656507
0.46244228
0.28404874
0.74164814
0.61357313
0.22616965
0.977413
0.6438756
0.24940205
0.99194473
0.2884323
0.6768371
0.89130515
0.39102566
0.7706386
0.75720453
0.5020325
0.7853926
0.7505614
0.45746768
0.34185284
0.79933953
0.7898525
0.10984367
0.4500137
0.5084676
0.3676113
0.98040795
0.18117344
0.6154236
0.033132195
0.71021676
0.134538
0.49922258
0.5837874
0.95484114
0.28714573
0.8765028
0.2676928
0.41530472
0.89410746
0.8970465
0.39012843
0.28194183
0.61187637
0.5164742
0.263462
0.9388391
0.77818114
0.6659027
0.13275975
0.6715749
0.114610255
0.056904912
0.43667048
0.046851575
0.6536225
0.9212937
0.63199615
0.69184947
0.10773134
0.85567796
0.38017344
0.8868994
0.44965518
0.5026347
0.4273873
0.8311481
0.24134922
0.6015499
0.22303945
0.67169917
0.39816964
0.04619217
0.63274646
0.5672896
0.09122211
0.8219847
0.8840105
0.7435684
0.44360596
0.90847206
0.7103956
0.884776
0.46027792
0.5319794
0.061760902
0.38298553
0.22026938
0.16591817
0.4553079
0.15860868
0.055749893
0.7932
0.23945105
0.592744
0.12482005
0.57400817
0.61752284
0.8319525
0.16195327
0.8755963
0.07189202
0.4885913
0.04780966
0.8073101
0.8851532
0.8549624
0.29298633
0.91776586
0.27070832
0.8579065
0.2705217
0.52179056
0.40050167
0.4233774
0.58014625
0.46769094
0.50620675
0.90988344
0.8820035
0.7816412
0.5882471
0.15802598
0.82561016
0.052070737
0.9042277
0.23385274
0.8260621
0.175116
0.83735704
0.5001757
0.73693746
0.9703249
0.43207788
0.50678897
0.3491289
0.5073514
0.49732816
0.76269865
0.8462079
0.8384459
0.8397122
0.5467118
0.18727982
0.30286318
0.7245529
0.97331434
0.013118863
0.018228233
0.8506532
0.89560664
0.30433142
0.4763953
0.94605285
0.37370932
0.21312082
0.95900416
0.9817071
0.23365265
0.37281603
0.43801945
0.09551829
0.19712317
0.5196809
0.65186864
0.7113559
0.5759605
0.4757713
0.5868615
0.32053578
0.13702917
0.80401844
0.85047644
0.7137743
0.3836866
0.69966364
0.61755776
0.5600834
0.7408261
0.6961681
0.44784552
0.52874154
0.43330353
0.38739562
0.31452066
0.24781561
0.81499803
0.7779809
0.41520417
0.34728867
0.5309728
0.825233
0.5413194
0.4093585
0.81198823
0.81168324
0.0067685246
0.55874115
0.9333765
0.048617423
0.9459579
0.59077865
0.08406955
0.04687065
0.51344186
0.3268873
0.6420325
0.26921487
0.4975599
0.3805852
0.835787
0.29432166
0.70877415
0.74132425
0.5750288
0.1491831
0.34594578
0.76907116
0.5840834
0.5067745
0.2721274
0.024602413
0.9882779
0.7785222
0.6528137
0.22649252
0.944011
0.06481701
0.8968383
0.86661017
0.41780716
0.7475086
0.98171425
0.17553204
0.59796846
0.83029854
0.4952758
0.2047103
0.8452624
0.14859128
0.5537333
0.48368835
0.37769455
0.30018002
0.89804024
0.67146134
0.7507192
0.6907663
0.17677438
0.707676
0.49078524
0.8704959
0.71115255
0.4913259
0.21005833
0.36432457
0.93856084
0.08461833
0.05729425
0.30311072
0.5429348
0.8235883
0.21857661
0.2550037
0.81695056
0.6837601
0.2870124
0.97720885
0.6413833
0.4207762
0.9781682
0.17395544
0.2058863
0.707622
0.8243125
0.40296608
0.093188345
1.9806623E-4
0.97232604
0.74357474
0.9812793
0.6629636
0.014984548
0.7766072
0.1271556
0.91078186
0.2713762
0.459117
0.13835019
0.009619236
0.10827553
0.064063966
0.73763543
0.51821774
0.65977275
0.032166004
0.22042966
0.93921286
0.69738686
0.21470326
0.7976693
0.22848004
0.8579453
0.014395058
0.72894573
0.13595676
0.02297151
0.627105
0.066911876
0.22312343
0.3231033
0.29869777
0.45530188
0.72818244
0.11671305
0.91562575
0.015991628
0.7893177
0.8565678
0.59964824
0.207578
0.15194678
0.14585519
0.35949308
0.1868211
0.59340703
0.51961416
0.42638218
0.7184603
0.3170042
0.73459333
0.15543234
0.88747346
0.36884904
0.16547316
0.37837434
0.6155354
0.29062855
0.48452514
0.74033606
0.3805893
0.2677107
0.23205203
0.81821924
0.21105778
0.6962146
0.393898
0.002243936
0.3658828
0.5594657
0.3081022
0.105406165
0.5255298
0.16128492
0.3841805
0.15590835
0.48016596
0.45166183
0.38497227
0.61121196
0.3979059
0.4434722
0.682523
0.4234804
0.7424115
0.5540934
0.6367516
0.67721665
0.75496227
0.31324345
0.37996233
0.43135542
0.3567267
0.91143835
0.033521414
0.5285824
0.11334938
0.87857646
0.08776426
0.4109797
0.05271244
0.5888846
0.085596144
0.9081157
0.17006946
0.79949576
0.24808687
0.8744228
0.19053292
0.5110967
0.54105073
0.85826904
0.9005997
0.7593193
0.32018638
0.42478192
0.1871221
0.62693876
0.9144945
0.64561844
0.9286082
0.6346638
0.7596765
0.7569901
0.4303068
0.5006929
0.31196582
0.29598713
0.0571841
0.03769988
0.43589205
0.7063585
0.7392256
0.1150825
0.13498521
0.58826846
0.7587337
0.29184633
0.89119446
0.41019136
0.6022758
0.012228608
0.8962204
0.6411338
0.10916686
0.44603497
0.63609916
0.262069
0.87792075
0.8957394
0.55987865
0.4191944
0.121727765
0.63287574
0.4953903
0.3589033
0.37904412
0.4704528
0.531858
0.5838178
0.6867989
0.93249506
0.87293077
0.5676262
0.7781357
0.6059214
0.66785127
0.118683815
0.35623366
0.9165166
0.68666136
0.17138219
0.5684475
0.87555104
0.44201088
0.07129675
0.02425152
0.21559864
0.6403248
0.29435015
0.39535934
0.1453734
0.72444916
0.5690538
0.15165305
0.77913785
0.44473714
0.9498311
0.9325462
0.16475314
0.4527589
0.9921022
0.55609137
0.9771945
0.5789698
0.6079938
0.61913735
0.045901954
0.8509059
0.8151006
0.94836235
0.33238876
0.190593
0.6376788
0.9969145
0.1098901
0.74825823
0.1661334
0.33315152
0.46346462
0.7741726
0.84092015
0.09069264
0.8239186
0.98218167
0.59340847
0.11240381
0.7724111
0.33849853
0.5693504
0.26038122
0.4579326
0.8295432
0.8790024
0.23045689
0.51347816
0.8755647
0.5884129
0.21982557
0.6482307
0.90563047
0.9938005
0.9823081
0.14511782
0.07810795
0.9383134
0.46537793
0.27154112
0.993409
0.44891024
0.16985816
0.2848279
0.41755283
0.5299015
0.18625003
0.90510947
0.82170004
0.36621118
0.13570452
0.16207004
0.89049804
0.10917753
0.839052
0.6766603
0.8977815
0.56433636
0.83003193
0.1958803
0.96942055
0.52588236
0.9605215
0.49266756
0.11807245
0.8362627
0.47337484
0.21148348
0.5520599
0.9496318
0.4652999
0.47418708
0.029980063
0.38082224
0.5665029
0.8541711
0.9939873
0.7913168
0.62971455
0.9265763
0.29865056
0.042826355
0.9684076
0.9588952
0.6301513
0.60799897
0.19787633
0.32274538
0.14427894
0.6151307
0.51434386
0.9904767
0.5437305
0.19628704
0.56300384
0.5891553
0.2587973
0.9608496
0.17810822
0.18202299
0.7244154
0.41218907
0.7747375
0.44959795
0.98517555
0.12506151
0.09621036
0.6680932
0.17327708
0.99469256
0.20230746
0.70386434
0.3482328
0.9227311
0.86632246
0.7343468
0.95767224
0.8158328
0.043772638
0.09672648
0.86276937
0.71320534
0.40836656
0.28685415
0.69717157
0.5317665
0.5131467
0.86722964
0.9129976
0.20152372
0.3338279
0.78194565
0.47028893
0.5673769
0.46008164
0.15911156
0.89665943
0.14291686
0.20735705
0.15141869
0.6718256
0.73119426
0.38087946
0.22023529
0.257886
0.76924807
0.3044513
0.7081196
0.92193574
0.52792156
0.2649535
0.7222434
0.9947663
0.6047885
0.46998292
0.6233604
0.7305561
0.41261595
0.487464
0.5912112
0.22075766
0.09359634
0.4645666
0.3303284
0.254633
0.8135822
0.006703377
0.45589536
0.8834842
0.12190533
0.7492367
0.12658888
0.15061837
0.74029255
0.45390785
0.19224924
0.8001324
0.086309314
0.0036309958
0.32397914
0.22099632
0.18815625
0.31352377
0.07118982
0.7555701
0.63216376
0.79885316
0.52563554
0.28113955
0.3537184
0.28355986
0.7011781
0.52747494
0.56650656
0.75341475
0.99759233
0.43158537
0.88187647
0.078505576
0.2979899
0.35217625
0.7359341
0.18913203
0.6463337
0.71085936
0.9809607
0.39140016
0.81112844
0.5255763
0.85225147
0.77358097
0.8138793
0.9252633
0.26203173
0.4669863
0.08964658
0.54543126
0.3473481
0.8866893
0.9584253
0.30458468
0.5855072
0.75448525
0.57972026
0.44443697
0.34363258
0.48127192
0.30126107
0.5164723
0.031237006
0.40638113
0.012132943
0.7379775
0.7374944
0.020792305
0.68962526
0.48726285
0.34740347
0.96870404
0.15990198
0.7160596
0.21064216
0.6723578
0.2503608
0.42333204
0.87913316
0.4686529
0.024597347
0.6458699
0.7078008
0.30893624
0.89067435
0.40458196
0.029460967
0.24700099
0.7444749
0.8195556
0.5491334
0.032004297
0.33999997
0.93046755
0.76329887
0.3055777
0.108365536
0.2812429
0.88188636
0.86431736
0.22091234
0.83900213
0.52931714
0.64422315
0.8063318
0.49797374
0.61813766
0.9822156
0.5872311
0.090471506
0.24515408
0.046962082
0.45142472
0.20115179
0.35416406
0.35785902
0.47390205
0.010126114
0.66812885
0.04374671
0.9664431
0.11825621
0.021822333
0.9640082
0.26593655
0.7179086
0.55663866
0.32196826
0.14541876
0.33899438
0.18347484
0.75744796
0.11263639
0.638314
0.51668054
0.6910397
0.07161999
0.6157276
0.9493718
0.501873
0.18852586
0.1797679
0.3234452
0.8137031
0.60218775
0.9849201
0.47003496
0.117035806
0.33385873
0.900449
0.8096877
0.30931675
0.31408757
0.71452457
0.8360713
0.6481803
0.4952625
0.73626834
0.1205889
0.5072282
0.14688188
0.73163116
0.00397712
0.13826251
0.43102854
0.1567601
0.24907792
0.08244276
0.47489733
0.36537158
0.058876157
0.6551862
0.34575105
0.43592513
0.28609484
0.04114586
0.494681
0.4519841
0.723768
0.47725815
0.4754634
0.57760864
0.74702996
0.0402413
0.623212
0.5921087
0.52974683
0.9722937
0.15711653
0.8187829
0.6685841
0.8229186
0.06815207
0.62479615
0.4727813
0.01927942
0.58518803
0.04914391
0.90955234
0.63136345
0.85349286
0.18837851
0.30003142
0.9162282
0.28340673
0.9317207
0.23454052
0.8180774
0.36227435
0.57526356
0.79230976
0.59383637
0.3010229
0.98673487
0.31138313
0.51887476
0.8926213
0.9558777
0.539177
0.61178035
0.2807489
0.40973675
0.71103805
0.17347562
0.8141649
0.44639856
0.7392961
0.8529665
0.83944184
0.93508416
0.36299103
0.8837154
0.6589854
0.42558008
0.5010503
0.050774693
0.15279222
0.6271183
0.6897118
0.08474445
0.8845345
0.96788955
0.96706414
0.28531194
0.241732
0.08393043
0.8204606
0.7711898
0.10556346
0.25333673
0.34114987
0.36691988
0.22096688
0.1724028
0.8677521
0.56810635
0.30790627
0.33879304
0.5573322
0.5886561
0.6889854
0.078244925
0.23904139
0.26564282
0.92903525
0.73126006
0.8979909
0.6741957
0.5140918
0.15103692
0.35170436
0.046702445
0.7186275
0.79046154
0.34178913
0.873576
0.50245494
0.75182945
0.92114323
0.5284777
0.9769522
0.10629785
0.80194277
0.06643468
0.8218613
0.06963968
0.19985491
0.91159075
0.109706044
0.6461148
0.7015145
0.42086667
0.598805
0.6632212
0.15955848
0.9846733
0.4349981
0.6474034
0.5248025
0.6257535
0.80674267
0.30577558
0.6289851
0.46757054
0.8315028
0.94346076
0.08252472
0.9653938
0.4197883
0.562811
0.8266926
0.1929552
0.12637132
0.6527079
0.23338336
0.53749084
0.81881523
0.4171446
0.5612735
0.92399
0.087311804
0.93677115
0.71572554
0.7290305
0.60588086
0.17008138
0.6105841
0.18477833
0.5053197
0.8381019
0.5604016
0.6593074
0.30808324
0.7940947
0.43712908
0.340693
0.13285798
0.04481989
0.27955234
0.6753356
0.9334048
0.8898699
0.4484955
0.3072772
0.17685992
0.7986316
0.65594137
0.14210576
0.9787926
0.40936315
0.46973532
0.68926096
0.6367452
0.06108892
0.49358052
0.7086278
0.28467196
0.3465656
0.9588564
0.8553388
0.024711788
0.48411602
0.13277966
0.950424
0.080283284
0.6689537
0.7670871
0.4397068
0.9088853
0.6926486
0.88138515
0.7901141
0.6706785
0.86514294
0.92233944
0.027956307
0.27947927
0.8803919
0.7688523
0.37996197
0.47890913
0.6180546
0.99730176
0.33277667
0.95393866
0.7441187
0.19093347
0.19372702
0.57588184
0.27794075
0.11285144
0.9940177
0.10910952
0.33759254
0.08014214
0.9198941
0.405555
0.0059048533
0.5229848
0.24801558
0.55679923
0.51311594
0.21078968
0.37432766
0.14459169
0.6860921
0.029219627
0.102687895
0.56366056
0.23686588
0.12727147
0.057626843
0.023284078
0.96351415
0.1804328
0.32775384
0.8571535
0.21359497
0.9704144
0.17093122
0.97850573
0.05451107
0.3283555
0.5235384
0.9564099
0.9369393
0.16907847
0.87365586
0.20964545
0.2981432
0.12945306
0.76716983
0.12014544
0.49348843
0.5628392
0.3176099
0.5649221
0.7693433
0.010676861
0.85158217
0.013333976
0.19193703
0.02646029
0.5241792
0.1981734
0.6584508
0.449583
0.93058574
0.66017944
0.36305255
0.07799822
0.48473108
0.6051588
0.5367857
0.65856904
0.46236968
0.3729915
0.4818555
0.26976353
0.95912415
0.9736104
0.07421297
0.4084894
0.70415294
0.124890625
0.10032481
0.38499755
0.32318562
0.7627123
0.25218225
0.2786674
0.6523017
0.26883942
0.94710433
0.593003
0.47324145
0.5653838
0.62452203
0.5783288
0.24508178
0.5963156
0.95009935
0.75160414
0.23426372
0.600686
0.718302
0.54874146
0.8493166
0.4760157
0.8685183
0.98819053
0.93792605
0.63386893
0.23837
0.22585106
0.53757423
0.21629405
0.6828269
0.53923476
0.8378332
0.72801983
0.34170544
0.51996297
0.42910606
0.85461766
0.88424665
0.58305496
0.8114183
0.9939684
0.88152426
0.65202665
0.41561335
0.29313213
0.32984513
0.46172714
0.3614782
0.42405272
0.18610537
0.07533759
0.9220182
0.071508706
0.3849262
0.25543445
0.2750429
0.97054005
0.6336006
0.4069789
0.96276766
0.09656
0.6613463
0.14617383
0.4232527
0.26094848
0.011628568
0.69508326
0.6458018
0.3326838
0.77854425
0.38762236
0.09314203
0.7302038
0.40924013
0.5560031
0.44916564
0.79801345
0.22348702
0.9841003
0.93070686
0.49351704
0.17888504
0.3297351
0.04935038
0.20822531
0.56639796
0.37394786
0.044358134
0.98405975
0.32729673
0.42245275
0.21579689
0.2632718
0.0010482669
0.5112686
0.06884068
0.23596144
0.54675025
0.43175864
0.3025995
0.88188094
0.42155588
0.7448729
0.021923363
0.7058476
0.98194104
0.4832754
0.16629618
0.65448284
0.02205062
0.8043881
0.5996431
0.6950831
0.7427668
0.44645315
0.9177364
0.4072935
0.7112284
0.0208866
0.1506117
0.7600798
0.119587004
0.342978
0.7763667
0.048606634
0.47073096
0.63301325
0.94587106
0.97947496
0.4350726
0.31292474
0.43687648
0.8029159
0.15445268
0.6594779
0.5180093
0.5846783
0.4755473
0.96180403
0.78099895
0.5293082
0.12528801
0.35491168
0.78172576
0.25423557
0.48476082
0.77591264
0.47136277
0.06764048
0.55649984
0.70846814
0.36776084
0.3226478
0.77432454
0.56390333
0.94964075
0.4593321
0.18680131
0.79318225
0.10308236
0.26073366
0.10757792
0.5592479
0.6278462
0.44917566
0.811408
0.028985381
0.85244644
0.04731536
0.1474433
0.90127575
0.60947555
0.8903887
0.8157316
0.5834047
0.99992883
0.4709558
0.42386687
0.7017273
0.10630107
0.5472
0.61405057
0.20135999
0.69374675
0.97566825
0.47273058
0.79927
0.82696515
0.31758386
0.9424072
0.7291027
0.6036709
0.39596725
0.02566111
0.6061824
0.00513345
0.083325505
0.5731434
0.47722495
0.3475513
0.81432134
0.38894963
0.15941876
0.40781194
0.23542345
0.1679042
0.35380065
0.93195844
0.81801856
0.4398352
0.60252625
0.6185373
0.41990107
0.66659874
0.39110017
0.52166766
0.632645
0.9896946
0.8453919
0.12549895
0.20242411
0.82172555
0.88795674
0.60369074
0.9658278
0.61621946
0.075558126
0.26125628
0.15968788
0.23063123
0.8947433
0.14378625
0.90758485
0.45045125
0.12784827
0.8385618
0.3713606
0.49268574
0.17905164
0.64685553
0.9025707
0.81958365
0.45830774
0.40590602
0.4084373
0.924023
0.12754834
0.12735832
0.6347048
0.09273058
0.61396754
0.40675026
0.69218206
0.5994073
0.2631163
0.8718594
0.6461094
0.5543973
0.6417004
0.16801381
0.532403
0.35895312
0.18627155
0.53304225
0.64998466
0.63918173
0.8374438
0.5662357
0.24462813
0.8168357
0.7859782
0.5330047
0.7909909
0.40127128
0.60132414
0.4239319
0.49281836
0.33979917
0.5073688
0.9733755
0.55690265
0.6635896
0.9347221
0.17401904
0.4075752
0.42517793
0.31250829
0.25077003
0.6517477
0.89398825
0.29208028
0.09678042
0.08937043
0.90131503
0.725223
0.3583274
0.9033357
0.48966438
0.083257854
0.48169762
0.82214594
0.8976723
0.012150109
0.4175498
0.19702989
0.81602794
0.111498356
0.39557666
0.6947019
0.58759356
0.11954421
0.32938987
0.50280744
0.04252863
0.62758255
0.34874582
0.35561156
0.2935946
0.45901126
0.5595099
0.2941019
0.5454926
0.4824968
0.04270619
0.3119719
0.6632183
0.015223324
0.97986186
0.044615448
0.40680856
0.06895518
0.5554662
0.523119
0.27290756
0.53479934
0.37721515
0.033233404
0.32734042
0.35637105
0.774893
0.037507415
0.19801193
0.74792075
0.708984
0.3873697
0.09523541
0.34438193
0.62576693
0.07427406
0.7989595
0.67288357
0.437685
0.15151733
0.6018317
0.68678963
0.6528237
0.26057577
0.21678698
0.058670938
0.30757934
0.1804722
0.2816633
0.07078415
0.8199231
0.70161176
0.8456387
0.931763
0.7405336
0.8256449
0.7680948
0.17557967
0.96458393
0.18231076
0.3555051
0.030784547
0.6228569
0.70807034
0.50241005
0.6800968
0.20747584
0.07798511
0.6753894
0.63622254
0.630851
0.35316944
0.011718154
0.8410838
0.75806075
0.48582196
0.7152516
0.9323291
0.40003425
0.10001427
0.5798267
0.6210786
0.98042804
0.6799038
0.5044961
0.57445866
0.78148043
0.49179053
0.07527441
0.20986837
0.28746945
0.23952025
0.8554308
0.57746947
0.14843452
0.30435026
0.77200246
0.053614378
0.41689086
0.103853345
0.6220417
0.9894549
0.21735018
0.47618902
0.100682616
0.18256539
0.9091598
0.36568898
0.11758906
0.06994945
0.12971562
0.46588063
0.4025113
0.7112916
0.15533894
0.83262706
0.278947
0.85289013
0.6045135
0.9819449
0.92231524
0.87462914
0.21185833
0.256334
0.72127146
0.041995883
0.8158864
0.60532194
0.47410595
0.8580321
0.6896289
0.658701
0.9134961
0.15985864
0.2765553
0.5560687
0.4397564
0.98278815
0.41650313
0.36834174
0.32331854
0.7519261
0.41476703
0.7435927
0.020266235
0.51456
0.24493921
0.2216838
0.5297558
0.23268527
0.72102016
0.28367817
0.94911647
0.47797453
0.33082694
0.8799784
0.9820088
0.65374076
0.31054908
0.8657615
0.19850755
0.38048768
0.44478565
0.36687267
0.29529327
0.2721157
0.49851888
0.7103509
0.56181085
0.6755118
0.3938449
0.74076045
0.71745425
0.301982
0.51711273
0.36918736
0.37935555
0.12780029
0.42927092
0.28194612
0.6746005
0.6441639
0.81716955
0.28968453
0.08970785
0.98334134
0.59540397
0.6967279
0.10965413
0.70513946
0.49175537
0.89038265
0.73489416
0.9915207
0.33472204
0.6188257
0.66462934
0.6408967
0.2350291
0.8755963
0.02555263
0.87907124
0.30594873
0.12315148
0.62561387
0.49088532
0.9069903
0.6551313
0.08079219
0.8333358
0.29487443
0.057736814
0.9488455
0.70343834
0.21317202
0.028891563
0.4975732
0.9166255
0.3016616
0.7467059
0.61693513
0.496418
0.22806966
0.74639153
0.97571516
0.10396558
0.3737567
0.020501137
0.036206543
0.34547567
0.49207222
0.15763468
0.32717508
0.81327766
0.52013206
0.5891386
0.17928338
0.6471983
0.1938892
0.93451655
0.3320291
0.38005555
0.090433955
0.49009097
0.70147043
0.26554418
0.51394427
0.7608515
0.5686301
0.9178485
0.33171266
0.71446735
0.315139
0.23735702
0.5489303
0.96432275
0.041701257
0.4013754
0.4457649
0.14347678
0.29324073
0.3863777
0.3637007
0.29509622
0.15966648
0.6108498
0.36171663
0.6117361
0.09123838
0.9750565
0.62389594
0.44353735
0.37130588
0.7841033
0.6113297
0.25479972
0.72615534
0.8096025
0.9511809
0.43341297
0.56186587
0.4373548
0.1486144
0.29536194
0.73211145
0.40608722
0.61269706
0.72715706
0.13003933
0.8359777
0.69068384
0.075900435
0.22362417
0.9240562
0.40730816
0.73622394
0.5197739
0.023377419
0.17338502
0.45510286
0.84112126
0.57897985
0.64344496
0.4422481
0.8646522
0.14909893
0.21309596
0.65123427
0.12752235
0.15601385
0.91683203
0.0036746264
0.31763
0.07654059
0.045178056
0.237679
0.19041258
0.0649156
0.9911061
0.5477199
0.585204
0.89616024
0.2699238
0.27420563
0.34124553
0.09960222
0.46031004
0.82896817
0.16262364
0.021815717
0.87844366
0.49207777
0.7711752
0.69571424
0.029476404
0.073602796
0.77554697
0.005890548
0.45378602
0.041951776
0.22253305
0.015682817
0.18798769
0.12221956
0.5735823
0.07311392
0.14668512
0.56057376
0.045628488
0.63318294
0.77013004
0.9343614
0.6924449
0.6434898
0.0106858015
0.21560746
0.9924655
0.93748546
0.39823085
0.62436134
0.90399784
0.7915108
0.54799217
0.94749635
0.5921336
0.6331052
0.08599979
0.46077532
0.20723403
0.67183805
0.86524224
0.3430822
0.9770428
0.8712742
0.34316784
0.6806314
0.3782978
0.4308858
0.66750956
0.4477741
0.5848391
0.61715305
0.96724516
0.5449174
0.69393075
0.019260347
0.4291857
0.35138047
0.24774903
0.8303253
0.33419746
0.7931749
0.2702673
0.6217568
0.47199857
0.56728876
0.79926664
0.91600233
0.40706396
0.54276174
0.71769434
0.1296274
0.35327375
0.0654968
0.47751057
0.6905004
0.87001884
0.72229123
0.102527976
0.19409275
0.9216464
0.31706953
0.08524275
0.7969329
0.76510435
0.32895213
0.5275492
0.9205741
0.63278395
0.8609172
0.07845342
0.105694234
0.7598391
0.15585685
0.9959807
0.18988365
0.234281
0.7133588
0.49858332
0.13919508
0.7061331
0.1482628
0.607274
0.92561716
0.72673917
0.40675724
0.9378658
0.97143996
0.46441644
0.21645606
0.5481175
0.3662507
0.58714646
0.5655809
0.53293645
0.37042356
0.06161648
0.15828168
0.7883633
0.5459526
0.60102236
0.7065688
0.31877315
0.17495191
0.12759292
0.32575053
0.8691098
0.73987687
0.2913959
0.3842445
0.14319044
0.027379751
0.21186966
0.80784863
0.6789684
0.58771515
0.8555365
0.8938465
0.74153066
0.6198876
0.020974874
0.19561845
0.65457815
0.97353977
0.7244577
0.4908111
0.5018529
0.5543037
0.8364319
0.44577897
0.41272372
0.51047975
0.34556645
0.48926562
0.91284055
0.7641106
0.37441623
0.9655953
0.42395115
0.6555279
0.55543184
0.66155946
0.6798073
0.20215786
0.13032252
0.80440414
0.97136354
0.062787294
0.95749855
0.0766809
0.01859945
0.15873498
0.8149617
0.75614727
0.30331832
0.77272075
0.04867208
0.8874779
0.6928533
0.14204264
0.8338345
0.25246012
0.585038
0.23047578
0.44905442
0.6049205
0.94698304
0.7267322
0.88690495
0.1573078
0.981684
0.928116
0.48071027
0.082216024
0.6054368
0.1560657
0.6735224
0.9618558
0.96423215
0.67359716
0.5141952
0.7724031
0.2581734
0.7693834
0.37561977
0.42220992
0.719529
0.10358244
0.95567954
0.8201267
0.63297653
0.5189462
0.062039673
0.3828516
0.36719537
0.07770276
0.48285234
0.20161223
0.9671362
0.93885577
0.40781832
0.38504452
0.53858435
0.018621862
0.154392
0.43642938
0.4341929
0.933635
0.15448296
0.67217994
0.7567876
0.09527683
0.31564152
0.36045676
0.4558525
0.6651871
0.550895
0.37297583
0.9717262
0.38592052
0.8022276
0.07152629
0.034845114
0.6342326
0.6088986
0.96863914
0.550648
0.80310094
0.8037154
0.43755066
0.08141363
0.77595705
0.38400978
0.6315462
0.0018951893
0.6144712
0.8909903
0.491503
0.074284315
0.019485056
0.6486081
0.66069156
0.7185928
0.85132927
0.1339122
0.62844205
0.2963829
0.29692852
0.26357
0.033100665
0.06894922
0.7610474
0.9398875
0.766844
0.31622654
0.4301405
0.27400887
0.04059744
0.23114854
0.73005676
0.22935563
0.53982323
0.34783262
0.67193896
0.25576395
0.08776271
0.2733534
0.78081095
0.8307899
0.14139503
0.6151543
0.9334461
0.72150594
0.98961544
0.11312622
0.8291615
0.5256626
0.6687529
0.87146103
0.89032394
0.4588049
0.52649266
0.15561557
0.37783384
0.0029264688
0.67360336
0.7797513
0.22806776
0.5172316
0.58880156
0.6061441
0.21720177
0.092915714
0.16392225
0.9471963
0.2601531
0.18754041
0.9757598
0.6803723
0.0063161254
0.04217261
0.48206657
0.024776995
0.032713592
0.72320867
0.79993755
0.19400352
0.31514972
0.2635554
0.32599503
0.43269366
0.81556106
0.74308354
0.4933595
0.30403185
0.82328093
0.9500863
0.6774226
0.95278764
0.5717416
0.22361404
0.6111194
0.49482608
0.890743
0.17634928
0.5540541
0.6411318
0.596453
0.74012285
0.9849067
0.25488096
0.64352757
0.62784904
0.3126105
0.25710952
0.0210343
0.14879858
0.29153842
0.27385604
0.049234867
0.89659405
0.6951852
0.6797146
0.2888677
0.21456617
0.77053666
0.40456092
0.19762433
0.36026812
0.9335345
0.5874713
0.027419984
0.78471935
0.649985
0.08083665
0.1463247
0.022706926
0.0042289495
0.015285134
0.9642782
0.98417556
0.821345
0.3598196
0.2437219
0.33499616
0.56216204
0.26970083
0.66492313
0.56544095
0.44160706
0.26586485
0.79905
0.9393621
0.1707325
0.08345723
0.90611154
0.98484886
0.4350971
0.65344554
0.33396906
0.48212367
0.1940872
0.82089317
0.44112438
0.9963619
0.31745392
0.3776313
0.42042083
0.12732923
0.12013245
0.0076717734
0.76176965
0.55520505
0.37073928
0.16329092
0.28631157
0.16930205
0.14259046
0.4514565
0.21691161
0.60582244
0.961337
0.19795185
0.9535786
0.19016933
0.5461997
0.7445834
0.50843114
0.89212847
0.7112422
0.13828808
0.6624557
0.5375523
0.81122667
0.99544144
0.15290368
0.27274942
0.3085391
0.91649735
0.73125947
0.5079455
0.381778
0.22218388
0.9709166
0.14992893
0.97430825
0.46036828
0.80277723
0.51291597
0.72697175
0.96056
0.04582727
0.5279961
0.9909026
0.19962639
0.63634455
0.6781033
0.66484684
0.28706878
0.8798983
0.9057742
0.24047375
0.021186411
0.21895808
0.77910477
0.9159601
0.6393015
0.6681292
0.6770308
0.4028285
0.15722936
0.9892779
0.15367872
0.50694084
0.52725345
0.70873463
0.9640501
0.31813765
0.3425597
0.39513063
0.24630499
0.95384306
0.47254997
0.9741044
0.8416328
0.032717466
0.46148843
0.83813286
0.7389879
0.120955646
0.28694433
0.777212
0.7223056
0.21504736
0.81952614
0.29831195
0.8012929
0.27280086
0.107111216
0.28582138
0.26825047
0.9543837
0.12146026
0.5771093
0.8529572
0.115373015
0.43967217
0.3604746
0.5714381
0.4357741
0.21492815
0.14890885
0.3740173
0.5572379
0.8385539
0.8221263
0.50067836
0.6229736
0.66738814
0.06924176
0.7202477
0.51193506
0.7361937
0.7914229
0.052776337
0.87470716
0.2844292
0.25207484
0.6058059
0.31019425
0.3807726
0.18400711
0.26470923
0.36991978
0.7486489
0.6991005
0.90033203
0.19379967
0.793567
0.79486334
0.7447159
0.32410055
0.66086817
0.94070035
0.6543511
0.9225028
0.15367794
0.6595984
0.16241759
0.24146199
0.3992415
0.03126645
0.8146787
0.7412083
0.04180771
0.54168934
0.101564646
0.8667014
0.3768586
0.9308177
0.9206323
0.82672507
0.5304201
0.46210897
0.5237309
0.07526654
0.47472376
3.6114454E-4
0.18220097
0.8616968
0.19453233
0.16137534
0.7172536
0.6724927
0.6545388
0.64020157
0.73293
0.56789535
0.7355532
0.2639528
0.012944162
0.9596745
0.014502287
0.80841357
0.5231255
0.8718813
0.0599941
0.7010651
0.7365699
0.9690801
0.8413793
0.27094698
0.2730888
0.87310594
0.33554465
0.64036506
0.83783543
0.470111
0.53338337
0.95534396
0.14143866
0.9378499
0.75891846
0.7695357
0.38656795
0.20525652
0.62095284
0.706805
0.28018492
0.05196315
0.5130381
0.28578413
0.65903676
0.32718664
0.4962901
0.078347266
0.24606448
0.031191707
0.6655441
0.35431784
0.8508151
0.6772728
0.8775754
0.5260586
0.31675506
0.30994707
0.5662742
0.116280794
0.54731834
0.3710211
0.4800521
0.5259563
0.120932996
0.8076942
0.6382758
0.5502545
0.95912814
0.13734776
0.84372175
0.6807188
0.63274205
0.8067044
0.32507688
0.6213166
0.58644146
0.9963223
0.7761748
0.8425664
0.50409305
0.8657401
0.3563553
0.18777883
0.41545635
0.15394855
0.4091239
0.6428231
0.91231465
0.5413075
0.4248106
0.07811135
0.9692362
0.44275033
0.43849307
0.5892029
0.5860275
0.09143585
0.82895625
0.599192
0.5365683
0.24337167
0.7204577
0.068617284
0.43871665
0.39650947
0.6297147
0.4919023
0.6845608
0.5850989
0.02961731
0.17631269
0.2873258
0.047501564
0.3931104
0.011223972
0.72419775
0.042156816
0.4505241
0.28140157
0.4623024
0.9240272
0.6470224
0.37537545
0.14279854
0.117824376
0.57007676
0.63436025
0.7258707
0.61295474
0.7668698
0.30215567
0.14330548
0.03986466
0.36583126
0.12382281
0.80691403
0.7028837
0.123268545
0.7305506
0.33754838
0.2784546
0.44406664
0.49801093
0.033696234
0.33061898
0.9741126
0.11178666
0.32911307
0.64174926
0.07148385
0.98039347
0.999758
0.35284054
0.7641945
0.84640086
0.3911659
0.5044082
0.26570618
0.22968149
0.9336708
0.16948813
0.207398
0.5425278
0.6955646
0.5808572
0.062285602
0.021019042
0.45993578
0.5349518
0.76965487
0.77548903
0.5818103
0.66775584
0.95971256
0.8582396
0.73616505
0.6589778
0.9452768
0.93990076
0.16787362
0.94908357
0.45896167
0.96631515
0.53078586
0.52127117
0.024933279
0.60290056
0.19965428
0.7824547
0.5603981
0.7586334
0.66585726
0.6020957
0.89046365
0.49072522
0.4118095
0.36671764
0.05840671
0.9254951
0.39119303
0.16574293
0.739873
0.8707555
0.8299126
0.32858723
0.48289573
0.74823296
0.6788349
0.8245613
0.5452776
0.6272758
0.3823822
0.06000763
0.5768652
0.10760999
0.13102108
0.35830814
0.47722852
0.77158046
0.9103457
0.5881352
0.27052063
0.9256638
0.18014824
0.66690624
0.49075657
0.4756893
0.16457945
0.8662776
0.21495008
0.45692146
0.52582544
0.29425764
0.7616452
0.9738212
0.6608948
0.63682157
0.0721727
0.9279149
0.30197072
0.17658776
0.68585306
0.8369032
0.32881343
0.43612576
0.923406
0.5131897
0.29600173
0.14086294
0.71067154
0.19277835
0.73310477
0.8865497
0.35368705
0.5315012
0.65252477
0.20714474
0.35311574
0.43840802
0.27373338
0.15223813
0.99852353
0.047656596
0.8855268
0.9333157
0.37921274
0.87024564
0.17699021
0.32297212
0.5970383
0.77346325
0.6959271
0.8814289
0.26726496
0.4450932
0.27906013
0.53434557
0.8861105
0.27550656
0.045447648
0.7820082
0.7588292
0.57613415
0.57300234
0.83272016
0.99130565
0.01798433
0.17311084
0.1259417
0.5130673
0.4674688
0.24109888
0.14985806
0.32292646
0.69558525
0.7572764
0.72318494
0.62328833
0.9953619
0.4267518
0.26482534
0.36930364
0.64440596
0.22398114
0.23330879
0.028915346
0.55554384
0.31358635
0.2997064
0.19448727
0.85815775
0.2814449
0.7949974
0.66177464
0.6132911
0.17414433
0.120863736
0.89378643
0.28242445
0.12095934
0.6599227
0.50251967
0.9166427
0.9265286
0.9989224
0.73814505
0.6114879
0.36597753
0.17099226
0.59116477
0.46299404
0.39458495
0.01835525
0.24713057
0.7702481
0.7740726
0.5157852
0.43511897
0.3454407
0.9056862
0.021489143
0.97035056
0.62801963
0.90053713
0.4330659
0.18877399
0.54762864
0.079907656
0.3219478
0.32840323
0.26149774
0.41774535
0.4535805
0.44061399
0.6045
0.665362
0.028992832
0.46700394
0.26094127
0.5510011
0.3159147
0.4369797
0.80120534
0.056685984
0.5869191
0.7117222
0.15663058
0.13944882
0.91401106
0.09603256
0.24358779
0.69714916
0.0526067
0.87579995
0.03191459
0.15972286
0.50501335
0.2211293
0.70102614
0.9095818
0.7095261
0.36981285
0.78466964
0.16036439
0.93442667
0.9097312
0.59605676
0.82729405
0.8479392
0.78947407
0.30075002
0.9466364
0.32015258
0.272137
0.89507765
0.0033872128
0.9287341
0.41667008
0.011019528
0.028217494
0.9777779
0.22373986
0.94057035
0.96533185
0.8922766
0.8588562
0.91780823
0.79635876
0.36656684
0.29517788
0.45765835
0.45141715
0.073856354
0.8732298
0.19714987
0.13243806
0.48892617
0.11665571
0.0664531
0.31664973
0.043752372
0.2746368
0.90991044
0.1664477
0.48568374
0.47588384
0.63652253
0.12790811
0.7026356
0.70995724
0.18792754
0.20180434
0.13534033
0.6234931
0.7309481
0.28163534
0.13197392
0.9967538
0.50053823
0.4019699
0.5875262
0.80544794
0.20482141
0.0720793
0.024298728
0.67025787
0.2523793
0.6947251
0.93921226
0.83889455
0.7466621
0.514065
0.99963796
0.3603043
0.015104175
0.4915372
0.1967988
0.91604465
0.78112286
0.88151294
0.752116
0.6286175
0.15366566
0.24231797
0.7580217
0.72011065
0.68748015
0.86138976
0.76466614
0.9368893
0.47207433
0.5499655
0.79468954
0.3679701
0.7307909
0.9425095
0.2799958
0.48737758
0.7740476
0.554439
0.8205826
0.65615344
0.45123047
0.15957403
0.32239175
0.7802961
0.91072434
0.5627142
0.28841782
0.57991093
0.5120065
0.5950742
0.82764596
0.86605155
0.97062695
0.44882047
0.27560103
0.119531155
0.16738117
0.10514408
0.357329
0.43542594
0.75630975
0.1772613
0.19056082
0.84374565
0.5797106
0.58019155
0.44883382
0.087089896
0.5876423
0.91347224
0.9597771
0.9669689
0.18805015
0.6771023
0.3840562
0.33937198
0.77343225
0.57657063
0.34018832
0.115287185
0.2107507
0.3670429
0.047275484
0.21199828
0.801101
0.36250442
0.84248126
0.20552349
0.15060878
0.83136296
0.5867436
0.49355483
0.4083833
0.71980816
0.24783838
0.5223706
0.8635126
0.20782506
0.79468524
0.13171643
0.22152925
0.4955259
0.8540367
0.29049647
0.3501615
0.44036674
0.47685808
0.5358212
0.5712455
0.48546255
0.3963642
0.78169364
0.93531775
0.01782459
0.5955176
0.96516335
0.4306203
0.42077625
0.054638743
0.27155352
0.910182
0.70052934
0.63857466
0.5914121
0.15853375
0.502027
0.07968438
0.96581626
0.03086865
0.42840475
0.49293196
0.26985556
0.8775641
0.9521465
0.3509432
0.3534553
0.4895873
0.48018122
0.081427574
0.5317075
0.8671574
0.70139825
0.61146647
0.31172454
0.10502213
0.6105618
0.16051221
0.8185037
0.3108369
0.24024558
0.21735382
0.6878065
0.5145313
0.33065367
0.9697304
0.5196523
0.10048419
0.8801495
0.98577636
0.012366235
0.093173146
0.71670574
0.8742709
0.9454951
0.17123502
0.14766824
0.12904114
0.462229
0.1731984
0.13316894
0.7482984
0.97077125
0.017287612
0.8038324
0.32172453
0.18256342
0.8925291
0.038322866
0.6094719
0.7171678
0.6219312
0.028621078
0.6637231
0.60336614
0.6618795
0.604189
0.934003
0.30867833
0.02435869
0.6394659
0.6741391
0.44070917
0.8075568
0.22717577
0.15679967
0.42978132
0.14133704
0.82306224
0.47923982
0.6601229
0.4206103
0.1318807
0.092689574
0.14398688
0.263564
0.75136656
0.04229933
0.79765385
0.8228835
0.177697
0.40240884
0.18909293
0.8545515
0.6255124
0.62395227
0.68354994
0.3466543
0.66635257
0.77099115
0.7555272
0.8941298
0.14547825
0.6587582
0.794188
0.31693178
0.41823316
0.16638416
0.57544327
0.02917713
0.13869143
0.88699746
0.16977686
0.2241112
0.6363197
0.40256774
0.0027770996
0.22093576
0.09735572
0.8902875
0.07852721
0.079571426
0.108795166
0.24414247
0.6482584
0.4112851
0.67213863
0.1454308
0.38240045
0.8579318
0.11485368
0.45830327
0.048412442
0.9695971
0.74896014
0.3329751
0.8652059
0.7470682
0.9929711
0.54530734
0.79387504
0.32731086
0.59597194
0.91528636
0.6207355
0.6506213
0.7068724
0.3599915
0.51988333
0.25911802
0.7094212
0.9335066
0.966786
0.017611623
0.90165794
0.474589
0.17059457
0.7276604
0.4099425
0.56358767
0.25033313
0.6099113
0.8810277
0.9270419
0.9889226
0.072897375
0.94492316
0.21866268
0.3397873
0.2607019
0.65626836
0.94919896
0.7548725
0.5978102
0.8379408
0.8883388
0.5621737
0.025683105
0.7186456
0.37573653
0.89789236
0.27886713
0.49287027
0.965062
0.33624405
0.38367903
0.469069
0.6973322
0.242549
0.41268027
0.6081112
0.023528159
0.7769402
0.3044216
0.3023762
0.14056987
0.3118757
0.4995458
0.7854888
0.8911831
0.10229659
0.068673134
0.18830603
0.732247
0.3090276
0.56006277
0.82872987
0.87617517
0.7607786
0.69948334
0.21720976
0.03720206
0.12541896
0.38278764
0.6180209
0.20369452
0.8152222
0.74325925
0.98577505
0.14647478
0.9823079
0.9088869
0.12000364
0.5524523
0.26895094
0.925458
0.8865137
0.5365574
0.60283077
0.074008524
0.04666716
0.08012575
0.70031214
0.8980968
0.33449066
0.62068987
0.13277817
0.94810176
0.9119457
0.47991246
0.7837881
0.89490587
0.7157491
0.1695987
0.38094527
0.9406707
0.751434
0.41990966
0.019001305
0.61483455
0.37411237
0.29177177
0.33367485
0.17195761
0.5684834
0.18285412
0.26334792
0.06575143
0.26652032
0.33231014
0.31325436
0.8498064
0.649042
0.44582748
0.46965665
0.41756397
0.0117836
0.8745902
0.5961144
0.63746786
0.24795628
0.9178544
0.3671853
0.13761574
0.9336169
0.010417402
0.784316
0.54936314
0.7910513
0.9878883
0.6924304
0.8111005
0.3560388
0.18204474
0.7326047
0.86983216
0.6601584
0.62650245
0.97564006
0.08536762
0.84770083
0.19337922
0.37334472
0.95415
0.83236134
0.5316734
0.81958425
0.11937463
0.33143657
0.4378898
0.3529411
0.5416021
0.13008338
0.91236293
0.06904954
0.76817507
0.9762982
0.9971795
0.9958902
0.38716823
0.6052393
0.36317778
0.26269174
0.48721462
0.57157296
0.026877165
0.7463945
0.60137117
0.62852657
0.99920285
0.28329134
0.60233897
0.6457499
0.7654519
0.90251106
0.0771057
0.5840352
0.39217895
0.17812324
0.1588012
0.93813366
0.5767458
0.15409684
0.77776957
0.6797017
0.87751067
0.7080633
0.036189318
0.95677793
0.6684686
0.16334891
0.4627775
0.2757396
0.4861653
0.30222195
0.39607584
0.26363885
0.51659167
0.18553054
0.6345457
0.30602783
0.096341014
0.744306
0.81532615
0.8163238
0.5695237
0.5175098
0.10529345
0.8215389
0.3968541
0.097575426
0.6503841
0.16553915
0.506148
0.38302875
0.6025151
0.42024344
0.90751475
0.08717549
0.2764855
0.55831546
0.17824304
0.71615934
0.258734
0.3445263
0.6113319
0.40178955
0.85063505
0.02931714
0.38050747
0.1881913
0.6641584
0.32500255
0.71920687
0.15097022
0.15831238
0.376018
0.7603517
0.7382367
0.4001155
0.82872313
0.70984733
0.020171762
0.921258
0.5082521
0.50481766
0.81412405
0.6166496
0.23011059
0.065952
0.5024212
0.66732156
0.038625777
0.92342997
0.5076953
0.26942658
0.56456804
0.062287807
0.9537284
0.89323765
0.13750291
0.6834804
0.77740693
0.08909553
0.94755566
0.5521006
0.11874944
0.78732777
0.6147512
0.24818945
0.99117523
0.2205162
0.44602954
0.94537216
0.20388395
0.22150952
0.9101668
0.018387437
0.09369731
0.7397681
0.17449152
0.47575516
0.53689754
0.07062644
0.1754666
0.78480047
0.8050139
0.9336155
0.6544979
0.41258907
0.3453275
0.17199618
0.91296893
0.36072272
0.39087486
0.30911052
0.024327934
0.0902195
0.21034265
0.39920568
0.6995558
0.6838023
0.7105017
0.79027355
0.5146137
0.49891424
0.30839258
0.39156604
0.3692397
0.2508626
0.4436344
0.45429862
0.71608573
0.7099906
0.63989544
0.45427215
0.6536315
0.48112637
0.6262881
0.4614895
0.55718833
0.5923357
0.062377512
0.024195492
0.686836
0.49090564
0.8834321
0.54113865
0.5821724
0.11832613
0.09489256
0.8823701
0.9697743
0.8067652
0.036845624
0.5098214
0.074373126
0.05422002
0.14121139
0.98661613
0.3586625
0.7443632
0.08769268
0.8190826
0.80473346
0.983417
0.9911883
0.39637673
0.39335006
0.5366175
0.9258961
0.056253612
0.7022332
0.42055035
0.20287293
0.2667281
0.8134491
0.8075417
0.5021827
0.65514284
0.54073805
0.2401979
0.24235189
0.299654
0.42366195
0.65704054
0.6137076
0.8126035
0.8158824
0.7660663
0.063967645
0.3580606
0.5644414
0.44714814
0.90045696
0.75248647
0.34595227
0.64482564
0.1504764
0.17163825
0.32009315
0.3616413
0.12716663
0.03024888
0.7723355
0.06333923
0.9008705
0.19356138
0.2536596
0.9486498
0.3342831
0.5294912
0.05795914
0.95885766
0.65300614
0.7031495
0.89639616
0.14983791
0.9815325
0.16595817
0.28623408
0.6188115
0.5588391
0.19199556
0.4393828
0.7699199
0.7789524
0.085044324
0.54837954
0.4701615
0.99198776
0.91970056
0.075785756
0.9467223
0.50278044
0.31560284
0.4736017
0.9178335
0.16050458
0.280236
0.2245143
0.94469994
0.7273818
0.42586505
0.004451096
0.8075859
0.12215257
0.28108877
0.42949134
0.5137552
0.06943905
0.7165351
0.348786
0.4607277
0.45514673
0.004725933
0.07348508
0.13041049
0.2369132
0.88163227
0.6501215
0.2564261
0.42423522
0.39554977
0.17142487
0.6698246
0.90282845
0.8694113
0.8097421
0.42191213
0.600158
0.09539515
0.41535032
0.44484073
0.18271726
0.8836989
0.06681216
0.031713486
0.5399355
0.3367564
0.3316208
0.09220028
0.28460604
0.08024222
0.39681512
0.21411425
0.31610447
0.095310986
0.8807368
0.48624945
0.7217074
0.5331735
0.5240083
0.2163611
0.3949299
0.8019424
0.0811044
0.7169135
0.3305254
0.47345173
0.36017752
0.2897061
0.60678935
0.9193456
0.27029622
0.18140715
0.2208702
0.63415134
0.97983205
0.32119668
0.7263377
0.5994332
0.43084425
0.008094847
0.69931465
0.77672493
0.8210769
0.76119274
0.48572433
0.45514053
0.60232097
0.356112
0.1539185
0.11787504
0.6617552
0.6739136
0.6810504
0.20386457
0.777446
0.61580044
0.8655808
0.4284274
0.06205219
0.67288405
0.4004169
0.5696497
0.8371795
0.1727097
0.7201736
0.033607244
0.38760632
0.093972445
0.30132782
0.36737067
0.01824212
0.19185865
0.83564657
0.80837595
0.2312718
0.0057827234
0.29587817
0.13454258
0.12622559
0.82914925
0.18958288
0.5319954
0.037030637
0.5604823
0.9640692
0.025022447
0.20843619
0.38326764
0.435225
0.64274323
0.9961531
0.74771833
0.50875837
0.9337484
0.6828403
0.1641053
0.22777832
0.5167111
0.833557
0.83009565
0.09016478
0.98279756
0.9829556
0.27267563
0.5478391
0.88387644
0.9314171
0.61075926
0.93351597
0.56642246
0.6232605
0.06269926
0.7050836
0.8901439
0.34742963
0.21194524
0.6903342
0.12636393
0.21567005
0.7854749
0.9328923
0.61581236
0.6767354
0.22793365
0.15202695
0.7086163
0.37485164
0.8073489
0.74337465
0.56893194
0.37935972
0.9566571
0.5638578
0.13895684
0.63863313
0.83304083
0.502296
0.78626883
0.14912605
0.9112911
0.46803993
0.3469327
0.49948066
0.76827955
0.004700482
0.6951105
0.13535416
0.96646845
0.21660739
0.9666318
0.3940004
0.21164727
0.18456018
0.8158948
0.34525388
0.3033355
0.037883937
0.8474469
0.029645205
0.07822651
0.47557086
0.7186589
0.35277689
0.78348327
0.81478274
0.5191745
0.74128354
0.52658904
0.75525457
0.3855602
0.5187921
0.5038609
0.538835
0.97317475
0.6650153
0.18586081
0.2508164
0.27722812
0.28779954
0.063096285
0.7407593
0.34494787
0.39259404
0.6610439
0.26274437
0.9524662
0.7680011
0.5042212
0.066547215
0.21337003
0.4270441
0.4324696
0.07092762
0.04882908
0.7243973
0.98961663
0.56745493
0.26795942
0.19853473
0.559204
0.9281094
0.79585767
0.31868052
0.011065841
0.20295566
0.037931263
0.6193035
0.046421707
0.61677974
0.0032647252
0.41504687
0.3411225
0.5176199
0.22542828
0.15739387
0.3432086
0.6481507
0.643119
0.0376516
0.9915711
0.44605613
0.9401999
0.19120151
0.19995058
0.8156483
0.7280851
0.6132818
0.16057795
0.7244582
0.7941343
0.9702992
0.033409715
0.4803921
0.17703432
0.9619252
0.5222002
0.44296902
0.3814305
0.85273635
0.022785127
0.6624233
0.7548479
0.60826224
0.24024308
0.8599855
0.14383042
0.6149872
0.391501
0.7389828
0.97499394
0.87871224
0.7730217
0.71769273
2.1487474E-4
0.5379457
0.71715975
0.3099264
0.06146562
0.42151523
0.87640923
0.94752985
0.40599835
0.66084516
0.6560423
0.5804069
0.680927
0.2414326
0.20961875
0.83495384
0.7001411
0.0647046
0.16873556
0.43223935
0.17641991
0.076001465
0.60148984
0.42478228
0.6962309
0.29788047
0.18990958
0.20790637
0.4607435
0.95687896
0.3446197
0.19155908
0.47896802
0.08853114
0.69796306
0.11494833
0.56062573
0.09766489
0.85049856
0.7738023
0.2785203
0.30227506
0.30920333
0.07352346
0.042064846
0.8286914
0.62088144
0.8766564
0.11259848
0.6980533
0.846418
0.7762109
0.1927244
0.15962172
0.7689458
0.2843858
0.6097348
0.41118026
0.8131453
0.7066694
0.88902605
0.69229966
0.25835735
0.2923109
0.057129383
0.24979603
0.34264183
0.8725529
0.5335895
0.029144764
0.6191853
0.7672007
0.252564
0.8294088
0.9844948
0.04812479
0.3129294
0.52648854
0.14667964
0.47580194
0.18226296
0.28994226
0.6420176
0.39329922
0.2958241
0.2275992
0.49224126
0.2830969
0.89521587
0.84068006
0.08001727
0.41837883
0.5695316
0.076743424
0.115489304
0.31504762
0.19935888
0.6607261
0.68521297
0.39754725
0.6940332
0.06348652
0.2821476
0.20499706
0.96614397
0.74607456
0.58053446
0.4992125
0.24374586
0.77553165
0.16454321
0.098562956
0.8974082
0.13911301
0.769721
0.097587585
0.10165006
0.9487527
0.12983143
0.17877364
0.5820888
0.6023543
0.72008896
0.95743346
0.47253877
0.99467605
0.48563045
0.091358304
0.5502115
0.20542437
0.6790308
0.24267852
0.29010016
0.1585164
0.79357016
0.7995201
0.81771296
0.4828052
0.06375337
0.5896674
0.8068056
0.91497743
0.35832918
0.07818329
0.108041525
0.78956175
0.46395856
0.80708146
0.6760818
0.4443742
0.6530554
0.069619715
0.5351117
0.23325741
0.15361601
0.117112994
0.7630027
0.54824144
0.25163484
0.06552404
0.03707236
0.09248769
0.5206704
0.23626208
0.25274652
0.16143847
0.3040939
0.955022
0.2614805
0.94594085
0.49247408
0.009166837
0.36531997
0.69686663
0.7134914
0.58375853
0.91985536
0.830619
0.8599285
0.7551648
0.13055897
0.8192647
0.95097625
0.606129
0.85322046
0.6238302
0.38476533
0.9648234
0.22917444
0.8861499
0.8802564
0.28087693
0.18012428
0.50078887
0.7120916
0.49246597
0.8636187
0.216824
0.053546667
0.059701085
0.93476284
0.75813824
0.4042703
0.93075836
0.9868052
0.5544651
0.6881317
0.7491732
0.54520994
0.5134346
0.8624013
0.42471242
0.9872242
0.5716773
0.93600214
0.48818636
0.35039437
0.79161155
0.5081152
0.7849987
0.10575199
0.03647214
0.118590415
0.7763145
0.10934591
0.29166567
0.36108482
0.39425159
0.4424615
0.3035075
0.31445515
0.3128807
0.11736399
0.6902858
0.06660777
0.065089226
0.40099865
0.12451106
0.059832036
0.46219337
0.111147106
0.6838703
0.5028063
0.704859
0.81359714
0.3821659
0.9502891
0.7473249
0.61855274
0.09635723
0.3284368
0.3696584
0.79156166
0.24333972
0.61629635
0.8929711
0.7885412
0.28751558
0.21999747
0.04897058
0.5540582
0.4003886
0.8863383
0.5873444
0.022988021
0.7848253
0.09076637
0.31229252
0.102306485
0.52336866
0.94826806
0.3137161
0.92443556
0.53179735
0.2845987
0.77042407
0.6267797
0.7813403
0.9729247
0.31413907
0.17248291
0.39656442
0.5937569
0.15662217
0.96177155
0.30755186
0.9736023
0.9910454
0.9464001
0.61679715
0.9627424
0.71661806
0.2347011
0.78114015
0.6407813
0.8268275
0.42268276
0.6704795
0.9090434
0.5115294
0.09678227
0.8770878
0.5136039
0.2071749
0.69364727
0.6568009
0.016908765
0.1839931
0.5671928
0.1965276
0.12789363
0.37085438
0.17679936
0.6474025
0.34170216
0.7153798
0.57463574
0.43108815
0.71509004
0.076783836
0.21459097
0.6254374
0.20008701
0.710742
0.7381941
0.9378229
0.6172918
0.4786647
0.10031462
0.56838614
0.6152383
0.7881874
0.79363716
0.60537004
0.83066833
0.12810153
0.20826519
0.9502908
0.6364713
0.72065544
0.34184402
0.87733984
0.9928232
0.9890532
0.25493443
0.44005036
0.8591239
0.080617726
0.27277005
0.065527916
0.6892619
0.83962053
0.9728836
0.8546456
0.733224
0.2720089
0.30138588
0.6334061
0.16993672
0.46159393
0.6400746
0.48963863
0.66841865
0.99873537
0.5412808
0.9594414
0.43891174
0.5738441
0.9748219
0.79401827
0.5178371
0.41539776
0.9371269
0.20014787
0.20851165
0.55255675
0.88015974
0.9824398
0.75500494
0.43340248
0.6789589
0.2643757
0.39388853
0.5994734
0.4013036
0.58513325
0.5456228
0.9144258
0.42923462
0.5831948
0.66476023
0.16871685
0.046015978
0.124232054
0.959967
0.7732345
0.30789435
0.31383038
0.06814486
0.14344108
0.31007028
0.074999034
0.77186525
0.33315438
0.10115081
0.8514615
0.8892367
0.46546358
0.84863955
0.021404982
0.6466473
0.6300191
0.08649343
0.039292812
0.7271383
0.66419685
0.23931867
0.4477402
0.03316313
0.74421823
0.19940406
0.26516265
0.22798353
0.0056150556
0.69362235
0.9214162
0.7439094
0.65550524
0.006533861
0.712053
0.040058494
0.78765225
0.3911844
0.51684266
0.03249687
0.56151336
0.09560305
0.39021593
0.33384567
0.64534414
0.33451468
0.20623869
0.9591409
0.07846701
0.04404086
0.22023529
0.6644873
0.59718996
0.7520551
0.6004672
0.9725488
0.2513649
0.08639073
0.3591919
0.044985354
0.963623
0.11340803
0.86145484
0.930525
0.84095114
0.9647653
0.16620392
0.84552467
0.21914488
0.7629925
0.82748836
0.23181003
0.92607915
0.21714145
0.6889642
0.53762674
0.30159146
0.027017951
0.39365417
0.33811438
0.46261132
0.33504504
0.31949818
0.36141133
0.89516175
0.40354645
0.9719146
0.7280036
0.073788166
0.8051821
0.3152187
0.71006405
0.7282566
0.106548786
0.41879034
0.24323696
0.012038469
0.038830996
0.21045369
0.39767867
0.9828373
0.8022408
0.16334635
0.863356
0.92849135
0.5883183
0.7539761
0.004961729
0.4989283
0.84962124
0.3941537
0.17576599
0.81399083
0.8516587
0.8996659
0.1818586
0.57605207
0.737013
0.071127355
0.19624805
0.2342012
0.67444676
0.5502854
0.12698078
0.8227988
0.6925444
0.21661597
0.7387845
0.77143204
0.8723471
0.20845222
0.46078277
0.68639797
0.6388887
0.40984654
0.23377645
0.40709972
0.71803594
0.42424357
0.3627597
0.006070614
0.7612132
0.6598032
0.75017667
0.43128204
0.863206
0.9454689
0.15250415
0.17710912
0.9621724
0.8638462
0.9897573
0.3496108
0.9992549
0.7744987
0.46028388
0.2870409
0.38891226
0.87285316
0.19067627
0.17278773
0.7995323
0.9146388
0.7548709
0.89090073
0.034435213
0.77839243
0.20270246
0.42029566
0.331533
0.44939172
0.27467227
0.92954695
0.13930851
0.41341323
0.47790408
0.14741963
0.17917752
0.7395468
0.34278476
0.66312313
0.7495818
0.21516508
0.3583007
0.31347722
0.97333074
0.9458941
0.6374147
0.39118022
0.32291204
0.53753567
0.8359251
0.84920067
0.8929677
0.78945804
0.23617458
0.16163707
0.7172765
0.21972191
0.9109342
0.8524996
0.96990275
0.44649673
0.15608972
0.6326743
0.24528843
0.71912587
0.77985746
0.44437307
0.7067555
0.74211717
0.6707162
0.74481624
0.73201126
0.39859498
0.34876215
0.95052946
0.6008359
0.3542068
0.9015945
0.8848739
0.67530197
0.62160003
0.98506355
0.23931026
0.6558883
0.56848216
0.0533306
0.7790837
0.6750951
0.153674
0.9969022
0.2428047
0.8591415
0.23580945
0.18991882
0.4396903
0.27167255
0.9944086
0.060454726
0.9155794
0.90287083
0.97455156
0.63449067
0.10738838
0.21284807
0.17153388
0.7032419
0.14423746
0.13768435
0.3335486
0.9154928
0.28144968
0.95612615
0.21708184
0.9954415
0.41106093
0.8590055
0.5854396
0.6793689
0.61002713
0.9042796
0.0153621435
0.80140984
0.3362772
0.5487295
0.055385828
0.14314151
0.6250415
0.4714216
0.46345347
0.30005968
0.5760322
0.62079114
0.4068566
0.46985614
0.049220085
0.5815328
0.91714287
0.9954397
0.93694025
0.5523879
0.10399109
0.91567636
0.6772716
0.6125332
0.7087188
0.10780412
0.98311955
0.02186066
0.34914988
0.7194831
0.638844
0.11637652
0.11775327
0.060656846
0.8579124
0.81974214
0.15462309
0.484155
0.18782789
0.86927193
0.051983356
0.76070124
0.5200274
0.85124034
0.8490623
0.23327667
0.030730903
0.9360259
0.3526287
0.50531924
0.10263026
0.5064337
0.24205524
0.41784066
0.6062633
0.46862584
0.07695931
0.6461516
0.6439488
0.038710296
0.8743645
0.8945808
0.6589379
0.9015727
0.33065355
0.5875445
0.009247541
0.36249298
0.26670247
0.3008932
0.9114037
0.05510074
0.2234639
0.30507368
0.4265645
0.85804915
0.8465162
0.31087422
0.6333942
0.41230667
0.30393255
0.3320533
0.69239396
0.3541928
0.28010714
0.9728213
0.42958647
0.49734253
0.3923784
0.080880225
0.7685369
0.4489423
0.26651442
0.70061624
0.6243323
0.8492095
0.07610041
0.44126153
0.1876303
0.7237077
0.459938
0.5197292
0.20813477
0.55932295
0.25672203
0.82881814
0.41240448
0.20833689
0.07908356
0.8531514
0.42890853
0.72090214
0.046824872
0.245251
0.05250895
0.66235936
0.93466014
0.47338724
0.7604766
0.42436922
0.0014986396
0.45520407
0.6327837
0.8520233
0.06036371
0.24370402
0.16142017
0.12532747
0.1401602
0.08515179
0.42814386
0.023229599
0.8680316
0.92515916
0.2493115
0.31031924
0.46497065
0.3060853
0.73278403
0.19722486
0.76425445
0.6354956
0.2585249
0.39044827
0.71440667
0.77446556
0.8151971
0.7489223
0.46358275
0.5118156
0.42423403
0.6640834
0.90401834
0.67485887
0.7255428
0.9669776
0.812569
0.7510134
0.740869
0.0072433352
0.8011329
0.032862782
0.06818855
0.9402558
0.79923475
0.4802674
0.88021857
0.673895
0.8562394
0.9483793
0.8297859
0.1670804
0.5641563
0.84446454
0.42253035
0.21828175
0.27101701
0.03698373
0.3620339
0.74166673
0.6522135
0.2882471
0.45337188
0.087528765
0.8214454
0.1610862
0.6583202
0.83639723
0.44814593
0.25744456
0.009682834
0.87515724
0.77416265
0.48277563
0.1347189
0.46910566
0.7244156
0.4479727
0.82036084
0.57477117
0.73521197
0.97668326
0.2283653
0.22129291
0.49647343
0.28985286
0.27988803
0.4280635
0.55254674
0.8038963
0.26001412
0.65620804
0.92838144
0.56982297
0.6179198
0.122421324
0.4571377
0.36689967
0.17262882
0.674983
0.8608412
0.96808594
0.78342044
0.16079193
0.47225446
0.44071627
0.9541379
0.94451916
0.6440333
0.81305605
0.64884543
0.20010573
0.74646944
0.50686544
0.7800332
0.8325803
0.3492722
0.54253983
0.75803316
0.034433067
0.8731584
0.30445004
0.17027372
0.99355626
0.106333315
0.20060343
0.9908843
0.68518674
0.44774932
0.65663177
0.7449996
0.8626172
0.26741135
0.79645264
0.19856924
0.7530628
0.08369744
0.83094794
0.48484677
0.83648777
0.33401817
0.5049692
0.07491994
0.78504676
0.8591399
0.04836732
0.7541949
0.8458275
0.099732876
0.49811888
0.2728256
0.9146945
0.6984124
0.26868045
0.7294682
0.35721207
0.25956678
0.66226697
0.04886526
0.44502902
0.50608385
0.04876256
0.28964877
0.5819672
0.8158074
0.57850635
0.5250759
0.3607791
0.96589404
0.09544474
0.87245125
0.8146158
0.97055745
0.9214249
0.9936671
0.9803166
0.79295444
0.11617231
0.27714592
0.37545574
0.83678746
0.8663076
0.55865824
0.087533236
0.8847997
0.7083264
0.90380687
0.58979404
0.22256982
0.18559098
0.80782855
0.9200303
0.25535297
0.32202888
0.45880133
0.6006205
0.9472659
0.46245617
0.1390335
0.3323772
0.85559577
0.7814466
0.72762436
0.5820131
0.63378876
0.2527684
0.82685566
0.30182743
0.3857093
0.45605606
0.61872315
0.097323
0.6876641
0.08613974
0.90872216
0.6987646
0.9856804
0.93602556
0.31574357
0.92919695
0.22146648
0.912714
0.49403495
0.90528196
0.25484198
0.98481566
0.040670693
0.6977511
0.012306511
0.97434103
0.1555239
0.43268383
0.39554495
0.61729544
0.62662494
0.97871935
0.19039828
0.10712963
0.6489473
0.16232795
0.40213418
0.38311803
0.826613
0.4351561
0.24833721
0.16693777
0.32542765
0.21411324
0.1236285
0.32279122
0.043323457
0.68428177
0.13356912
0.61017865
0.2501254
0.733047
0.71698123
0.60782766
0.95509475
0.23531705
0.6406352
0.2593931
0.22161752
0.076711595
0.47752285
0.5765529
0.3344729
0.85465944
0.05512637
0.9363576
0.59826016
0.9850814
0.28416693
0.73359436
0.20831543
0.14151376
0.017884314
0.9550674
0.08098155
0.31902397
0.92918354
0.29377013
0.39218652
0.93009627
0.8758363
0.43275625
0.37636262
0.86495364
0.41582388
0.020043075
0.3468281
0.3737889
0.3649543
0.9991828
0.9695286
0.5204855
0.901804
0.43039858
0.25078046
0.21212971
0.33117867
0.7627349
0.0732882
0.8995746
0.34263462
0.9299515
0.16076428
0.77328104
0.33674908
0.32647258
0.18812096
0.025503695
0.046007812
0.062282205
0.14022654
0.72262734
0.42223763
0.23805243
0.6070284
0.3162201
0.28693002
0.8679481
0.2764905
0.43241
0.9986786
0.50454456
0.62992716
0.50890034
0.8530168
0.28831017
0.5782396
0.11781603
0.8295437
0.7064745
0.21417731
0.5192587
0.8903405
0.6592617
0.8476039
0.5616949
0.3289104
0.8049925
0.28100324
0.48599482
0.70245
0.60214084
0.7549072
0.33308464
0.95002425
0.9518943
0.9219781
0.41191077
0.21865696
0.038052797
0.50917166
0.8939876
0.26755744
0.48428422
0.3054068
0.88060963
0.6924104
0.6270246
0.7137661
0.8843428
0.4672171
0.813997
0.16935712
0.30132073
0.81655747
0.6648596
0.2241221
0.1769011
0.3479578
0.10645938
0.40625185
0.014279664
0.84951544
0.35825473
0.083233714
0.001715064
0.61490595
0.48449832
0.3933503
0.37522358
0.53485566
0.4426881
0.90069216
0.55421555
0.19520342
0.98966753
0.40410912
0.62994605
0.5665277
0.3077805
0.3622992
0.021353364
0.5443312
0.68698967
0.64732945
0.9884867
0.102927744
0.15127963
0.9098391
0.88704234
0.42707324
0.10857749
0.22415912
0.8134164
0.36524206
0.19551086
0.01438117
0.71114856
0.4551345
0.69742006
0.5674337
0.24780864
0.6689736
0.66908437
0.8815208
0.31552786
0.7425273
0.034689903
0.7335041
0.92587256
0.332285
0.081842005
0.8732583
0.45612144
0.4001919
0.41224658
0.25361294
0.6328557
0.7807689
0.30247533
0.40875298
0.61187774
0.23291886
0.7465836
0.12004459
0.9107062
0.8254831
0.08593911
0.61497885
0.47927576
0.924493
0.9212848
0.88168955
0.642118
0.5295638
0.9917309
0.53834784
0.12548375
0.20107889
0.3921275
0.7543271
0.5879653
0.2984569
0.0843035
0.29965532
0.5236939
0.948221
0.29228973
0.11284381
0.7017655
0.8297856
0.4133196
0.17724133
0.3709333
0.02343148
0.33468884
0.72577
0.799691
0.3410955
0.034157336
0.23705095
0.67165613
0.5541917
0.5242995
0.6169308
0.8257866
0.057199955
0.24801683
0.7933151
0.559684
0.8402945
0.06536955
0.4946717
0.5194273
0.2835691
0.8161757
0.6798635
0.22656518
0.5898053
0.87677187
0.27603292
0.765689
0.51818854
0.13438582
0.03961909
0.62618387
0.10952276
0.8133014
0.35141045
0.28918374
0.96153533
0.74109864
0.0986135
0.8334575
0.24366999
0.031546056
0.884657
0.63804513
0.4727983
0.077153146
0.18090165
0.5492184
0.3086502
0.9360317
0.6242389
0.59713376
0.4901957
0.114753485
0.042042434
0.2638821
0.0070513487
0.7946601
0.4129792
0.2681628
0.6842189
0.33001095
0.45135254
0.019266307
0.32068598
0.42203057
0.827082
0.059328556
0.14485848
0.50601923
0.83692753
0.54092765
0.6803047
0.29505563
0.14954633
0.7381631
0.71734506
0.022376299
0.7224661
0.75264454
0.28872222
0.087350905
0.18874288
0.5187085
0.6956639
0.61226416
0.63121945
0.33018094
0.3344472
0.8872011
0.28983903
0.87774575
0.45907903
0.049639583
0.1099298
0.0032239556
0.974509
0.29847246
0.2549247
0.42469323
0.7941286
0.8667876
0.53440857
0.77239573
0.38802463
0.21466446
0.7871026
0.685924
0.58303064
0.99643266
0.39844525
0.072497725
0.9061525
0.30336142
0.5044725
0.10663152
0.25916463
0.18279767
0.859027
0.18365484
0.20943004
0.14166743
0.53185236
0.9220098
0.93126994
0.11244869
0.41338742
0.86878204
0.8500935
0.5027764
0.17124325
0.8043923
0.3602305
0.47845536
0.71719205
0.29880613
0.904831
0.50965095
0.17645961
0.35413116
0.035789907
0.61034423
0.7182087
0.81633234
0.3925212
0.24385226
0.7130095
0.569378
0.44526917
0.8775176
0.47609687
0.9839532
0.20185977
0.92588526
0.17122447
0.40356177
0.25233448
0.8052548
0.26649326
0.66515464
0.6653802
0.96799296
0.61880267
0.39924163
0.51109034
0.7301088
0.8263557
0.5937832
0.58922493
0.04115361
0.8283415
0.17314547
0.22924876
0.8654561
0.88756967
0.0022943616
0.5021252
0.7951053
0.49610275
0.2195884
0.56385255
0.8481537
0.4671095
0.39951175
0.12239927
0.02354294
0.4801647
0.09809607
0.68400717
0.19370115
0.73458546
0.515383
0.5583809
0.87620306
0.6292807
0.57594407
0.86730176
0.60000205
0.6617972
0.7632271
0.5555404
0.18537074
0.048178673
0.70745367
0.7100767
0.7087647
0.073952615
0.30922496
0.18266302
0.09641546
0.45069873
0.14926994
0.42642254
0.7587757
0.16850096
0.9844143
0.7098009
0.97028136
0.5890806
0.23447925
0.08676994
0.546727
0.045068026
0.8262047
0.07231617
0.96042836
0.6158766
0.4583069
0.3041582
0.24897134
0.29876912
0.9944409
0.23818368
0.75754106
0.63438106
0.06426829
0.31474614
0.9515272
0.26921648
0.17129588
0.9998258
0.74239165
0.6241282
0.36202925
0.6188556
0.18584788
0.108825326
0.32478547
0.19709903
0.19056499
0.38992888
0.25686514
0.34981441
0.37431782
0.43656218
0.8924543
0.14465946
0.23232287
0.17607611
0.22548962
0.32009196
0.85213083
0.97706896
0.024789333
0.08477938
0.98670554
0.111766696
0.63415873
0.25769752
0.051152587
0.25013435
0.51717514
0.8157945
0.6610388
0.70944947
0.8623363
0.0905385
0.50656545
0.07177317
0.45471478
0.2567088
0.43533474
0.22472286
0.16884178
0.26241028
0.5785368
0.35571444
0.39599556
0.6000878
0.635646
0.8045722
0.6172838
0.9715188
0.16884881
0.4628868
0.12988812
0.8782221
0.041251004
1.4722347E-4
0.66371375
0.9109109
0.25637388
0.13652968
0.6537251
0.22164392
0.16762167
0.40094733
0.2018193
0.55991644
0.7754723
0.881847
0.041711986
0.8244315
0.02044177
0.8591953
0.9596095
0.32667994
0.21783745
0.5016607
0.2991839
0.6473384
0.12551647
0.016343117
0.14642382
0.8740895
0.35100645
0.383308
0.13132519
0.18763506
0.605234
0.618069
0.16023481
0.7748838
0.61570126
0.047068298
0.79423076
0.22365189
0.69430953
0.4097889
0.9825918
0.23644745
0.089358985
0.41269243
0.84169364
0.30236566
0.36586237
0.24161822
0.6121898
0.011779308
0.38465774
0.21814644
0.6328615
0.87997144
0.6734481
0.3798852
0.51792884
0.770347
0.48953664
0.033472538
0.9239126
0.44823414
0.005487263
0.92171115
0.6284613
0.141015
0.3491568
0.3527071
0.73116016
0.6835157
0.6956021
0.6398352
0.8176095
0.35896295
0.94044334
0.31808555
0.923501
0.64072496
0.33569443
0.5467786
0.19366622
0.9494853
0.69629544
0.73330355
0.6788826
0.28103948
0.69816595
0.9606036
0.7554761
0.16379046
0.39924473
0.1563912
0.022470415
0.1700992
0.38950586
0.8789392
0.13932627
0.94539505
0.08329034
0.027798533
0.15345544
0.012474477
0.22953701
0.023609221
0.24805981
0.05043471
0.057831228
0.985577
0.16294885
0.798562
0.87893504
0.0051108003
0.52745587
0.57118887
0.89906424
0.74708295
0.04717028
0.7316627
0.4222046
0.6743577
0.5348056
0.5193449
0.14191025
0.19541705
0.628141
0.7758505
0.4541161
0.8785156
0.230744
0.31400287
0.44947666
0.5988519
0.108355224
0.61933756
0.7146781
0.51842016
0.1177817
0.9891478
0.23725915
0.2127918
0.5064062
0.08339816
0.47103947
0.016984344
0.9476123
0.6862948
0.08573192
0.86634403
0.14730477
0.5235107
0.6542872
0.05116415
0.22415566
0.5302378
0.7876701
0.51937366
0.7142352
0.5672323
0.22492456
0.67446595
0.14042854
0.29930824
0.5454937
0.1909504
0.10774875
0.61241925
0.3628853
0.762644
0.9047172
0.39627987
0.65911794
0.10638583
0.5039074
0.86976045
0.8562609
0.052149117
0.6351599
0.50202775
0.026239157
0.38759953
0.55464286
0.3751905
0.49748594
0.90905505
0.1317302
0.951281
0.9146827
0.12033975
0.63160926
0.32060242
0.38654894
0.36560184
0.8707436
0.30828106
0.7603823
0.17182446
0.3790605
0.2553802
0.78786576
0.8921602
0.5093941
0.83988696
0.19475752
0.7036582
0.6117954
0.19662386
0.59077203
0.83433557
0.036459446
0.5846442
0.11169958
0.92741776
0.77096844
0.45254064
0.48316336
0.438093
0.46019685
0.4985602
0.3470736
0.28408962
0.73357373
0.011327803
0.6636301
0.9101996
0.5855835
0.7218065
0.46258706
0.89358187
0.76066667
0.6769745
0.28950596
0.016944826
4.3976307E-4
0.35529536
0.20107329
0.81682026
0.7648956
0.7437602
0.88656765
0.31101233
0.86360466
0.26205105
0.41168177
0.40047985
0.8796743
0.89283144
0.6306957
0.19454217
0.46821654
0.3155291
0.63116246
0.7331903
0.52033275
0.16708642
0.7526252
0.6758358
0.8392858
0.2055068
0.05137831
0.032093406
0.74184257
0.33470303
0.3139854
0.8578197
0.8171265
0.3818993
0.30337358
0.5999204
0.71822125
0.6869934
0.25614828
0.9082992
0.1768502
0.96783
0.3447714
0.84529436
0.5954756
0.33287215
0.93297684
0.505196
0.33900446
0.5055113
0.74997073
0.74275446
0.80295515
0.35007584
0.30438215
0.5243785
0.13757467
0.2119686
0.8715558
0.024035394
0.14724159
0.7323739
0.58967113
0.04335797
0.9289477
0.016365886
0.666528
0.33842552
0.65820986
0.9323607
0.45798564
0.57103693
0.049070895
0.026668787
0.46241564
0.59756726
0.20865387
0.94102347
0.76770365
0.7818603
0.25592172
0.23060733
0.5760114
0.7288501
0.38687676
0.26812756
0.45749515
0.9321349
0.33053583
0.17437738
0.49143296
0.10158777
0.96590483
0.8915678
0.43879408
0.56694585
0.4522257
0.08224529
0.25439775
0.96145856
0.58349115
0.22918046
0.24276859
0.088012874
0.31225246
0.38119823
0.8460483
0.31122887
0.9238327
0.4531169
0.73444283
0.24599367
0.185099
0.87700874
0.5623592
0.80956614
0.7749335
0.014727712
0.4224422
0.64515567
0.33762264
0.8915576
0.84410304
0.42478925
0.8248029
0.07701093
0.764906
0.9040007
0.22375059
0.5159875
0.5775467
0.77669233
0.95518625
0.66202587
0.40043086
0.20234323
0.8860128
0.7602355
0.61749625
0.32711655
0.093285024
0.71228015
0.41747856
0.5635034
0.865091
0.7867176
0.17200255
0.8387341
0.38992667
0.9379441
0.61650264
0.3696946
0.70469356
0.60441905
0.731986
0.811548
0.6069077
0.27585298
0.21611834
0.28934532
0.8314505
0.56936604
0.42923367
0.92789936
0.11673778
0.021605253
0.60796
0.0070112348
0.18815535
0.7884339
0.06266725
0.88931364
0.8447707
0.21266896
0.5744418
0.8896977
0.50356215
0.055673122
0.5454766
0.41230667
0.81671816
0.63825953
0.84945714
0.99782556
0.4930805
0.2638101
0.19465715
0.56530917
0.7137971
0.9308526
0.02412182
0.6547382
0.60209304
0.3283065
0.109686196
0.07515842
0.98327154
0.55454814
0.57798725
0.12556183
0.12725317
0.53733885
0.86851895
0.7091452
0.60390633
0.1471048
0.25072068
0.8243947
0.6810037
0.8982841
0.90677774
0.3473919
0.56385833
0.5953112
0.06006807
0.86821485
6.889105E-4
0.48977613
0.23995644
0.900378
0.47278905
0.4274677
0.018987358
0.72656065
0.046017647
0.048122704
0.6386556
0.797717
0.50048935
0.5920984
0.00815922
0.17795259
0.17726439
0.017849803
0.97330904
0.37682933
0.011065602
0.45861924
0.3196522
0.7771872
0.96148187
0.07836729
0.20755863
0.13394392
0.844744
0.9235366
0.10334158
0.56205034
0.8151288
0.7222254
0.4383797
0.46489996
0.18860847
0.8348536
0.31974864
0.7836597
0.25889987
0.8051584
0.456253
0.21951008
0.37309307
0.55771255
0.83129
0.03156054
0.034178853
0.11408889
0.53012675
0.12078512
0.7328113
0.39590436
0.948495
0.24286366
0.7104178
0.9064928
0.5096056
0.8591098
0.8783084
0.75672525
0.08857089
0.7341267
0.6988771
0.06300014
0.8807504
0.46149635
0.33958435
0.40076584
0.20076543
0.5753471
0.78054637
0.9648352
0.112066805
0.35733515
0.56273997
0.85356534
0.2662955
0.33734572
0.35469645
0.45867556
0.48370576
0.41459692
0.66785854
0.07266933
0.4901836
0.48698562
0.6193979
0.30373514
0.6055963
0.10423285
0.20924199
0.7614773
0.76816076
0.47908664
0.8064712
0.30935454
0.9991733
0.86555696
0.4183789
0.30037045
0.6338683
0.8995554
0.41072136
0.96610725
0.44256127
0.69168377
0.055529177
0.12596083
0.16990817
0.85117054
0.07693601
0.74940723
0.260518
0.93163437
0.047568917
0.5309036
0.30086374
0.14162177
0.43801594
0.4318304
0.37813926
0.31451195
0.54774463
0.27956766
0.47723287
0.73281884
0.73373395
0.67883873
0.75126886
0.24118805
0.9172471
0.13895994
0.006284833
0.34114903
0.48200423
0.9223215
0.7367567
0.46022862
0.39901978
0.4096501
0.1891734
0.04027593
0.8231757
0.007346809
0.0721491
0.34732926
0.93097633
0.8080457
0.9832092
0.21123719
0.41274673
0.38974065
0.3970943
0.14131737
0.62880915
0.5992172
0.124013424
0.20901191
0.8990296
0.7255891
0.6676893
0.65481764
0.95782846
0.7085755
0.51434684
0.6703929
0.089678645
0.53848463
0.39019048
0.17396772
0.5087796
0.6510553
0.21472734
0.47491306
0.8846253
0.2763158
0.33195454
0.48910832
0.5943439
0.5080591
0.5555194
0.98873997
0.93285024
0.47662324
0.25517434
0.25716233
0.5910361
0.8552692
0.73100054
0.3708644
0.7565513
0.94802475
0.2629156
0.18645597
0.065469086
0.49853557
0.7329788
0.40157628
0.77865237
0.84493643
0.5471593
0.8560244
0.24446553
0.110399425
0.63485545
0.505132
0.28822845
0.26379424
0.68499774
0.33398235
0.31525177
0.37641352
0.046598792
0.3816833
0.8833075
0.5212074
0.14182854
0.14333165
0.37497926
0.058273077
0.026914597
0.9379513
0.34163958
0.5879505
0.30933583
0.5386132
0.58807576
0.45987087
0.8609678
0.011793673
0.18740898
0.24742866
0.23124337
0.5031034
0.25543553
0.14274311
0.89033276
0.72272617
0.4454975
0.42322624
0.15126902
0.35379153
0.05121696
0.3789733
0.016417265
0.14862448
0.20478785
0.7775765
0.15540653
0.35016584
0.6410236
0.7524737
0.5894282
0.42824697
0.6481322
0.12106556
0.4746049
0.24287254
0.2595008
0.5236652
0.14201432
0.3198812
0.14899051
0.393611
0.46411067
0.26960367
0.59589076
0.8579269
0.8300451
0.70833284
0.88337857
0.97773254
0.8821855
0.7081071
0.51284367
0.7847911
0.5025516
0.5456394
0.16064686
0.88735706
0.853604
0.7300019
0.70679283
0.8027072
0.038678467
0.23530388
0.3377455
0.93887913
0.8222853
0.96412015
0.40745825
0.37330282
0.9615647
0.5255099
0.74901116
0.35592294
0.8726038
0.874387
0.60955024
0.15942037
0.36739188
0.5636909
0.5571485
0.3852287
0.030373096
0.78478926
0.13150525
0.75280875
0.8924086
0.88299394
0.81095624
0.40831327
0.54218954
0.14277035
0.004090011
0.8102027
0.7815604
0.74058783
0.28148627
0.7220317
0.67576927
0.40243113
0.30597156
0.9706221
0.11942464
0.40843475
0.8407027
0.6308915
0.2841068
0.7302033
0.5838559
0.662077
0.9374696
0.7290536
0.24534279
0.7449497
0.23272884
0.58820105
0.42155737
0.92246366
0.22122902
0.49197125
0.19356436
0.4093488
0.80201256
0.13424796
0.55536765
0.65729105
0.8068011
0.9609695
0.433096
0.0050231814
0.3454823
0.29261178
0.17235231
0.3359754
0.7781539
0.18790054
0.51699066
0.4548359
0.8101943
0.29577136
0.67370933
0.9887958
0.2550373
0.5857583
0.5267148
0.64538103
0.20676517
0.47507894
0.23708248
0.50820196
0.39587313
0.6018555
0.71218836
0.6319136
0.75429285
0.086967826
0.9697305
0.6810188
0.030815423
0.231372
0.5345251
0.4323464
0.2193675
0.0013979077
0.30871004
0.082194865
0.5872425
0.54220337
0.03960228
0.9359781
0.91856134
0.15051723
0.5947392
0.94608897
0.87326264
0.3439526
0.8392262
0.95359576
0.96023494
0.7380594
0.42316526
0.39789748
0.84438735
0.62707174
0.2315377
0.71781826
0.56419086
0.3437845
0.45846885
0.97566956
0.69434327
0.422575
0.15343934
0.20602787
0.71665174
0.22230977
0.8879938
0.20246494
0.48306763
0.28840858
0.7252051
0.50295967
0.99323434
0.2919671
0.5861008
0.078555465
0.043249607
0.71547574
0.121068776
0.045997918
0.11403811
0.5368618
0.36169952
0.75517744
0.091352046
0.3644818
0.37946826
0.0034534931
0.6826597
0.8040962
0.37012297
0.32419038
0.30986738
0.19417495
0.55275726
0.22457409
0.6048924
0.26816297
0.8845644
0.61210096
0.6646326
0.22222531
0.28857738
0.16976458
0.8830637
0.1557982
0.14280617
0.102261305
0.37434727
0.87189776
0.53371733
0.98047215
0.8384093
0.67712724
0.9117266
0.6256539
0.7590108
0.60083723
0.55616844
0.38041657
0.32657796
0.49272293
0.74507946
0.25852537
0.6598133
0.78270125
0.8922186
0.41332442
0.18030614
0.46123576
0.6492983
0.94423383
0.24508637
0.6180369
0.14280945
0.1170491
0.93849754
0.8585444
0.017585635
0.71702605
0.79524
0.18771338
0.76701397
0.109939694
0.9023871
0.73691434
0.24430442
0.04706192
0.49418068
0.63038725
0.15037602
0.72254395
0.6971645
0.6014408
0.38969815
0.74885505
0.34552944
0.82488936
0.26198417
0.74621
0.8113783
0.12109238
0.6292227
0.09940112
0.07902473
0.8890875
0.15653622
0.08987683
0.03663653
0.16295934
0.9922807
0.29761535
0.31581867
0.2686932
0.42628354
0.6373205
0.33656383
0.04085058
0.071908236
0.16330361
0.32094413
0.18264419
0.4626267
0.3793496
0.43667334
0.5031729
0.9699707
0.021742404
0.3870498
0.7161093
0.048267007
0.45891917
0.34575385
0.650063
0.7316815
0.04904455
0.26557225
0.9078253
0.36820132
0.11186093
0.09457004
0.66603464
0.918768
0.96383965
0.08983338
0.7653908
0.0014804006
0.6119017
0.20911747
0.98194015
0.77236277
0.84239846
0.91912156
0.2603045
0.8355333
0.2358703
0.82337105
0.23883593
0.62471014
0.007184267
0.37363654
0.003951311
0.13099474
0.9534689
0.8804094
0.2163794
0.8330332
0.39291334
0.82724625
0.48640174
0.15735221
0.015712142
0.5709937
0.70967543
0.52941483
0.5295596
0.27832705
0.47180587
0.9183663
0.8671121
0.015124202
0.19102824
0.9073048
0.29834038
0.32852572
0.387326
0.49109697
0.83891666
0.20479453
0.9768438
0.598272
0.91457033
0.66510475
0.31696707
0.41350323
0.8941827
0.39510673
0.53496766
0.93187934
0.1703741
0.0646013
0.51732695
0.37296653
0.2901929
0.45610797
0.5140316
0.5170656
0.8305973
0.21385092
0.20920384
0.17171991
0.39970315
0.17915249
0.053921163
0.6351782
0.21686023
0.57899696
0.7671615
0.57504874
0.08973086
0.16929024
0.9452665
0.39280653
0.43754703
0.14392811
0.32856733
0.18426126
0.9950744
0.7491272
0.24589616
0.44682467
0.42562687
0.08665526
0.27428156
0.91880965
0.74347836
0.24979818
0.033484995
0.38455945
0.9315538
0.36546034
0.99509186
0.040576756
0.69033635
0.17113823
0.07616323
0.51875895
0.88509536
0.74622
0.851149
0.9082233
0.0030499697
0.9558351
0.33664626
0.9400419
0.08778864
0.018125892
0.25607598
0.8106268
0.9986387
0.5412879
0.3904807
0.15876836
0.026827514
0.01709658
0.37308478
0.295824
0.48292273
0.42809546
0.03529352
0.5637798
0.7115333
0.60449296
0.9973507
0.3855015
0.4655763
0.7355413
0.5954694
0.22721255
0.8251648
0.9333217
0.8170575
0.944963
0.032576323
0.60213786
0.6854693
0.29259896
0.15767413
0.17493105
0.39494038
0.2646343
0.34604758
0.33323842
0.4850452
0.29772657
0.23911625
0.37627298
0.8928186
0.60154873
0.7112328
0.89791954
0.90089124
0.3042342
0.3287729
0.2711271
0.7735233
0.027890563
0.40129054
0.7337832
0.34181446
0.6326817
0.43165112
0.6782505
0.4577896
0.4385543
0.46285337
0.33102244
0.21829396
0.33483756
0.8118704
0.5852398
0.18809754
0.9808133
0.03875321
0.7360395
0.6923392
0.2741862
0.5515524
0.13896096
0.1571083
0.48657155
0.8390471
0.9401022
0.64984435
0.83116627
0.06417924
0.54172194
0.29525894
0.7113066
0.2674554
0.09996635
0.34517837
0.8014062
0.112988174
0.28693628
0.9802399
0.31369424
0.36754858
0.67509216
0.6765351
0.013233125
0.807822
0.2588424
0.3304969
0.54603827
0.19149667
0.8600227
0.5906111
0.5549897
0.2579556
0.967917
0.6755593
0.568011
0.41392142
0.14069223
0.68646413
0.27319825
0.043771088
0.59693915
0.2579146
0.14484364
0.014368236
0.40987402
0.69094807
0.3793729
0.4367556
0.59223264
0.21431041
0.24598897
0.63414174
0.83967537
0.11190498
0.5862857
0.3451466
0.25043482
0.40877962
0.7214098
0.7767236
0.6279309
0.04033804
0.18375164
0.29165286
0.123209834
0.74535006
0.80003065
0.3657208
0.8105416
0.7690754
0.8595051
0.3400281
0.090645075
0.17531168
0.62852424
0.3002658
0.56325185
0.62297493
0.87249833
0.7788788
0.63863933
0.73208094
0.4484834
0.5550201
0.80405205
0.15450978
0.39395934
0.54393715
0.21641225
0.5761132
0.29616672
0.060405612
0.45134073
0.6486119
0.4458061
0.8141324
0.54733384
0.21298134
0.3013844
0.06841761
0.39317298
0.70194167
0.88652015
0.95214605
0.41959476
0.7596494
0.76072717
0.96034884
0.07937074
0.49428922
0.32134128
0.9767362
0.7928066
0.37713712
0.16522169
0.4849797
0.66096216
0.25360322
0.64665294
0.051970065
0.022443473
0.7621835
0.27363002
0.22926778
0.77036583
0.33118147
0.17768526
0.05760336
0.626104
0.896182
0.13999236
0.7182959
0.36092836
0.2498467
0.9541711
0.16519815
0.29389703
0.086574435
0.7276467
0.91721314
0.5058709
0.06547046
0.8703474
0.48617172
0.7798207
0.70405376
0.37183958
0.06513262
0.69439477
0.3909958
0.73370266
0.28081977
0.9018265
0.91834193
0.88917744
0.70942324
0.9566416
0.47215086
0.22112966
0.92146176
0.12533176
0.16597039
0.5745491
0.5285618
0.09939885
0.7753316
0.9716485
0.78820276
0.10826099
0.04540664
0.6747832
0.032686472
0.44088668
0.6506737
0.7316249
0.54241407
0.14527011
0.8280348
0.18318748
0.5132209
0.69565845
0.7671204
0.55141544
0.77087957
0.66462564
0.79791
0.9602497
0.67641294
0.07959092
0.18133456
0.52162933
0.82266295
0.80328244
0.18887252
0.2531621
0.24036062
0.28013623
0.09858906
0.43270415
0.7710972
0.61402315
0.5745214
0.6604646
0.4010722
0.6684537
0.61131275
0.043251276
0.82490236
0.643094
0.18470955
0.46798515
0.48033637
0.017733514
0.95975435
0.35063344
0.18528825
0.4575897
0.7716388
0.068387985
0.25665253
0.035971224
0.14926791
0.37149632
0.30000025
0.1989137
0.3292964
0.8690223
0.4501999
0.22164494
0.08001292
0.46048206
0.70061785
0.39195687
0.18188763
0.69139963
0.5837989
0.9071959
0.69739914
0.12211156
0.12601769
0.049210966
0.70008475
0.17050749
0.974047
0.8679047
0.05539733
0.60383004
0.43276387
0.5748513
0.17832619
0.07330215
0.920285
0.542703
0.59987485
0.29746848
0.8722895
0.09589523
0.21206248
0.77310526
0.25377852
0.7386561
0.42540503
0.12187952
0.6750865
0.6258619
0.2507624
0.34026212
0.28547615
0.67229533
0.73653746
0.6112676
0.5237211
0.90092963
0.8706537
0.8393014
0.8479293
0.33867556
0.2533062
0.39173734
0.41934282
0.81940776
0.71058893
0.45897096
0.5654395
0.49297935
0.8407911
0.09284443
0.65046024
0.16240996
0.9450904
0.043903887
0.7062227
0.9796822
0.21383733
0.5114402
0.058103263
0.6769361
0.6305421
0.44530594
0.9713568
0.7507415
0.17057699
0.021858871
0.55809754
0.66214025
0.2536608
0.8629343
0.35750687
0.6769642
0.4421854
0.8095041
0.9290259
0.91538304
0.335792
0.01177305
0.7938972
0.17565703
0.911344
0.4941498
0.20355332
0.2667362
0.0022420883
0.5141924
0.5987275
0.7528536
0.6481709
0.10477817
0.61114496
0.95892775
0.012769103
0.39201248
0.92620546
0.78986347
0.9399196
0.1695342
0.91180676
0.81428754
0.8675227
0.91277355
0.28259575
0.2915799
0.24953389
0.89238584
0.13332993
0.47107095
0.25213373
0.3306492
0.87816226
0.8579282
0.8281884
0.0023348331
0.17862386
0.9686112
0.26632094
0.25482148
0.051605105
0.8400354
0.52823097
0.8815331
0.50507075
0.6140697
0.5922953
0.47676808
0.25457287
0.49914265
0.21548378
0.005414963
0.094439626
0.37312502
0.0024059415
0.09279716
0.11605537
0.9989811
0.0636484
0.5609657
0.22974658
0.99275947
0.37988693
0.6692962
0.9199398
0.23127413
0.9285991
0.34850317
0.17455167
0.68637586
0.7322274
0.015544653
0.42373896
0.7992268
0.9466381
0.717857
0.71053314
0.4897942
0.51360166
0.8525734
0.32247704
0.96530634
0.47832507
0.34158933
0.6307812
0.33125013
0.9409603
0.29643607
0.818946
0.00731498
0.52828276
0.085906565
0.70910615
0.4493366
0.8877971
0.6103913
0.70002013
0.22069967
0.81141907
0.10417169
0.36975694
0.0399009
0.37027073
0.12287599
0.03844464
0.75524056
0.7072959
0.54843205
0.26729578
0.9162292
0.6022741
0.5567839
0.14049047
0.5807033
0.44691277
0.9711382
0.25297982
0.526421
0.08920896
0.27044725
0.64209265
0.13873774
0.00996381
0.5722345
0.75184906
0.8876773
0.2546361
0.07184875
0.7195686
0.65724915
0.37566447
0.93606186
0.40382266
0.8692941
0.64963686
0.334979
0.22573662
0.67866445
0.96653473
0.7980194
0.9324572
0.78447616
0.8816354
0.120881855
0.18823332
0.08496022
0.35206252
0.6826919
0.5966228
0.43565464
0.017594457
0.88581824
0.51405495
0.79001665
0.5379629
0.96315354
0.25320232
0.59881186
0.36591238
0.14510679
0.9328227
0.3138035
0.45678538
0.005422175
0.013023198
0.4293887
0.22201306
0.15358675
0.18100113
0.65310335
0.5969118
0.5825399
0.7075813
0.4256689
0.37453383
0.2622788
0.1802733
0.21991938
0.05952567
0.6695181
0.9007179
0.3951056
0.9121811
0.115703106
0.49550325
0.13141292
0.71692455
0.06339151
0.9772629
0.33487493
0.14573741
0.26544642
0.6711942
0.80415857
0.56058323
0.011882246
0.9197591
0.26001322
0.26536798
0.092953384
0.14007586
0.63070333
0.7736673
0.1796853
0.7447332
0.7908134
0.69028735
0.15815014
0.27343136
0.4978577
0.5402345
0.8331418
0.21158123
0.74572664
0.93601364
0.2203893
0.8000013
0.04384607
0.11215055
0.082077384
0.3399874
0.076836646
0.22384852
0.21434128
0.25877887
0.8453849
0.19478405
0.3818373
0.47589827
0.23204261
0.98788863
0.40583682
0.37073535
0.17595625
0.28383714
0.26906127
0.13142234
0.4314093
0.8967848
0.8013005
0.21549398
0.5829869
0.18820393
0.48149532
0.59063154
0.4047104
6.3222647E-4
0.639296
0.88119483
0.29433942
0.6075406
0.1951496
0.32108772
0.8530144
0.1377877
0.4538387
0.8192711
0.38346833
0.2982685
0.10136485
0.560023
0.26923048
0.79207355
0.7665125
0.4805827
0.6977863
0.058021843
0.44186145
0.05445105
0.7808527
0.1777426
0.9380605
0.93533164
0.78623503
0.48608935
0.9216005
0.82609075
0.36271226
0.44774342
0.09000367
0.08640665
0.44974715
0.2361896
0.6272958
0.004832983
0.10836631
0.570237
0.29297215
0.7742859
0.082232356
0.26795775
0.69367194
0.22858381
0.24582243
0.5989818
0.41081864
0.54134816
0.6699169
0.4248113
0.4800728
0.8426697
0.23661947
0.77511865
0.088214755
0.07442331
0.17330945
0.5184006
0.44678193
0.1485905
0.6068544
0.14104784
0.3743149
0.3766377
0.028761983
0.9836403
0.75342387
0.24975777
0.124565125
0.12150955
0.38620454
0.5330866
0.67554146
0.083355546
0.84107405
0.6209591
0.55995107
0.8326387
0.23323256
0.5295928
0.3395201
0.5878662
0.90521204
0.38863838
0.54323095
0.7166812
0.14696091
0.9597875
0.78604037
0.83237255
0.21841103
0.45068496
0.9695113
0.46822333
0.39134645
0.61297464
0.39220482
0.0637933
0.71966386
0.98727685
0.9908546
0.11719799
0.06390357
0.8737187
0.68278563
0.028746903
0.15150511
0.61842144
0.88281196
0.56459737
0.34097868
0.58381975
0.4241457
0.82565564
0.29659367
0.44919407
0.97599995
0.82873523
0.068900466
0.5183193
0.4770065
0.14649153
0.5421819
0.5102705
0.40287638
0.7530654
0.8576523
0.9094035
0.871595
0.16747218
0.08390188
0.64920557
0.62568593
0.9509777
0.9948473
0.51555014
0.98764634
0.5130528
0.5695587
0.7570095
0.58362085
0.31865704
0.565167
0.5779906
0.2969331
0.91385084
0.8791288
0.3249249
0.8255583
0.5340044
0.13406014
0.63253397
0.85744125
0.40667838
0.038918316
0.7179104
0.1793099
0.5777829
0.23437864
0.5520297
0.63600254
0.18364578
0.9758443
0.22418725
0.34913635
0.4625674
0.680762
0.3832183
0.78014344
0.4873411
0.93206054
0.89430696
0.3303523
0.035737038
0.42896354
0.51144856
0.16010344
0.27037537
0.8806557
0.41855007
0.6831658
0.9346691
0.2959451
0.4377163
0.8584207
0.6901273
0.2099114
0.8080673
0.5174681
0.51545095
0.36144912
0.9847044
0.79718053
0.8933063
0.27661407
0.44302619
0.50610834
0.8508455
0.2828902
0.061982155
0.36196393
0.9599938
0.16817236
0.13012725
0.36625928
0.69890743
0.07279158
0.21524811
0.7067332
0.32311106
0.15880126
0.1722064
0.026800275
0.68056136
0.11162317
0.06047684
0.40533257
0.45680147
0.89678967
0.094240725
0.13421357
0.77261883
0.2987824
0.36105657
0.2529801
0.13600361
0.3178777
0.5929272
0.6403104
0.622123
0.28059125
0.9444817
0.31507117
0.10953057
0.64402676
0.48110437
0.9621744
0.11857599
0.63656455
0.87489027
0.7708094
0.600261
0.5973738
0.8836406
0.608029
0.12251574
0.75384
0.29871392
0.7056262
0.64858454
0.13591903
0.7080112
0.2223069
0.24207562
0.8745401
0.16293222
0.7690457
0.949036
0.6005039
0.46064132
0.7190191
0.07357198
0.4619717
0.568903
0.53359604
0.49508846
0.15189362
0.80919063
0.5445921
0.37783068
0.5989498
0.8694645
0.4655655
0.043367922
0.77228713
0.9013086
0.1396612
0.2508759
0.6051664
0.7429819
0.6498444
0.13608843
0.90733504
0.3419909
0.3538797
0.46577084
0.44040656
0.38523895
0.79879177
0.17929715
0.03275311
0.90451807
0.90862226
0.81181127
0.7465481
0.6485502
0.6190089
0.8645579
0.043877542
0.5040598
0.99953204
0.43793947
0.57366365
0.42719704
0.31009907
0.04298979
0.38701612
0.6983804
0.7841817
0.9191586
0.93417567
0.8392662
0.82593596
0.013117611
0.27820605
0.9966803
0.80968857
0.007892251
0.33389932
0.7871974
0.54166096
0.0677793
0.18799835
0.55546325
0.40094334
0.8066477
0.3399406
0.2928226
0.13857299
0.060374916
0.010146499
0.41941726
0.6521841
0.4040056
0.06279814
0.59740484
0.8442703
0.6970304
0.9775828
0.32565153
0.9429665
0.85287267
0.1536532
0.39316374
0.6468497
0.23878926
0.44082725
0.23123115
0.8341506
0.73809904
0.5477116
0.7099987
0.7396636
0.30673254
0.081977904
0.14680398
0.7903471
0.47997385
0.72059745
0.9195991
0.24707907
0.52296954
0.0016921163
0.5632158
0.42233437
0.9507794
0.66717833
0.038856447
0.23188192
0.79172766
0.38707465
0.74336064
0.8462787
0.94349533
0.16083688
0.015470564
0.09140986
0.1273101
0.14514685
0.41811538
0.31616008
0.524912
0.10608524
0.9608681
0.7121978
0.0694806
0.9695781
0.97305894
0.50162685
0.32982194
0.9585516
0.35902864
0.17186135
0.89187086
0.79762053
0.041778028
0.65557224
0.40862614
0.25375146
0.1245389
0.35214067
0.0052966475
0.5096933
0.53191334
0.44404614
0.32760394
0.25968885
0.009174943
0.5584723
0.18540901
0.025822401
0.501701
0.3956862
0.83925974
0.6482154
0.26353508
0.12915164
0.51289284
0.66114855
0.9776158
0.7686724
0.5895741
0.8662076
0.6487263
0.061094403
0.20446742
0.71697545
0.7578251
0.13027912
0.009650707
0.580007
0.8628306
0.87939924
0.8342303
0.80433524
0.4815125
0.097420454
0.75116456
0.16519845
0.19785708
0.33436245
0.7974264
0.32380927
0.76073337
0.49615252
0.7681808
0.7186862
0.77510935
0.022286236
0.25251228
0.85834783
0.9693141
0.6639195
0.42232883
0.48116052
0.020376384
0.69537175
0.19242519
0.97509134
0.3624112
0.74039805
0.79397774
0.8754282
0.13508081
0.8511805
0.7422554
0.07770294
0.56069446
0.5711168
0.71897626
0.5897163
0.19549525
0.17359436
0.25805938
0.50248
0.07472336
0.282597
0.93868256
0.26493806
0.16936362
0.5348997
0.31034
0.0095207095
0.46793514
0.6785808
0.15042365
0.38104564
0.57774144
0.5625655
0.17576039
0.18447882
0.96076494
0.353985
0.67618835
0.8799746
0.74959517
0.22448194
0.03194517
0.036948025
0.76377165
0.8265357
0.92927223
0.9113201
0.61767745
0.4928708
0.65276337
0.2582748
0.19424164
0.045613885
0.851756
0.84176564
0.78642195
0.9097731
0.035275936
0.18460661
0.67859733
0.35365766
0.020114124
0.33041954
0.16607744
0.7959669
0.05456966
0.50024074
0.072036505
0.34754074
0.17191362
0.8395959
0.81202763
0.92036223
0.938988
0.111845315
0.33718163
0.11566508
0.4934767
0.42421108
0.7342204
0.6783648
0.085810125
0.4258836
0.5151188
0.01107657
0.12654674
0.022847712
0.34885514
0.21539694
0.49621594
0.46957946
0.0950585
0.46173316
0.0014090538
0.75967264
0.93295527
0.4757089
0.8984158
0.91001976
0.34295118
0.3161248
0.2845834
0.95877737
0.9121785
0.8568084
